"DATE:" "2/26/2015 3:37:17 PM"
"FILE:" "C:\Users\AndersenLab\Desktop\wmicrotracker\p00011\20150226_1436"
"SUBPROJECT:" "20150226_levamisole_100"

"<<<<<< Group Activity: Average Activity Counts per Data Interval>>>>>>"
Group/Time[m] 2 4 6 8 10 12 14 16 18 20 22 24 26 28 30 32 34 36 38 40 42 44 46 48 50 52 54 56 58 60
"000_Group0" 7 5 5 7 5 4 7 4 3 6 2 1 5 5 5 4 12 11 10 11 16 5 7 8 9 8 11 15 10 14
"001_Group1" 0 8 5 4 11 6 10 3 3 16 4 5 7 16 6 9 7 11 11 17 12 8 9 8 19 12 15 20 13 14
"002_Group2" 13 5 6 2 10 15 17 13 6 11 3 2 7 13 17 26 14 8 13 11 7 3 8 12 15 16 10 10 12 13
"003_Group3" 0 1 6 5 7 5 3 8 6 1 0 7 6 9 13 12 6 8 13 15 11 6 13 21 7 8 9 10 13 11
"004_Group4" 12 10 12 12 10 15 9 8 13 8 5 14 6 6 10 6 8 6 11 10 13 14 18 18 12 10 6 12 9 13
"005_Group5" 14 10 9 11 9 11 19 8 6 7 9 7 5 9 12 17 10 8 14 10 15 13 19 10 13 6 9 8 11 7
"006_Group6" 22 12 4 8 6 7 11 8 7 9 12 7 11 11 8 12 10 14 12 19 6 11 9 6 11 10 12 14 8 4
"007_Group7" 6 8 16 10 9 12 10 8 13 12 18 15 15 7 5 6 9 8 7 9 9 6 12 18 16 15 14 13 6 19
"008_Group8" 10 4 7 1 3 3 6 12 13 9 10 13 14 20 19 11 11 11 18 12 17 23 13 19 12 8 8 11 13 14
"009_Group9" 7 11 4 7 9 8 7 12 22 10 15 9 10 13 15 6 13 21 12 8 12 16 16 16 14 12 15 15 13 5
"010_Group10" 5 0 5 8 7 12 13 15 17 14 16 11 8 8 7 5 8 10 8 12 11 12 12 12 11 15 21 4 11 10
"011_Group11" 4 13 11 10 10 8 7 12 19 22 15 10 10 21 13 14 15 10 20 8 8 8 13 9 14 13 19 18 9 9
"012_Group12" 5 1 6 12 3 11 16 14 10 19 5 15 13 12 13 18 12 12 13 18 11 13 9 10 14 12 12 9 12 9
"013_Group13" 5 1 4 10 11 29 15 16 23 13 11 15 11 12 12 11 17 11 11 16 21 10 13 12 11 12 7 12 6 6
"014_Group14" 7 1 3 3 4 16 15 12 13 12 12 16 19 17 14 10 5 16 12 8 10 10 17 13 12 9 17 9 12 8
"015_Group15" 8 6 3 6 13 10 10 16 13 11 15 9 13 8 10 7 10 11 5 5 10 13 10 10 8 10 14 9 11 6
"016_Group16" 0 1 6 23 9 3 2 5 0 0 1 0 11 15 13 7 11 11 14 12 12 11 7 11 7 8 15 14 12 16
"017_Group17" 10 10 6 8 4 7 4 12 10 8 8 14 2 12 16 8 15 8 11 8 8 9 12 8 14 10 11 11 7 12
"018_Group18" 16 8 10 7 7 2 2 4 10 6 6 5 10 10 7 7 9 13 11 7 1 8 10 5 7 7 6 4 12 12
"019_Group19" 13 3 10 8 4 5 4 6 7 8 9 9 6 3 9 11 14 11 12 12 11 9 8 15 12 13 14 11 11 19
"020_Group20" 3 8 7 7 8 7 9 4 6 7 4 7 13 7 3 9 5 9 10 4 4 2 12 11 11 13 10 13 19 15
"021_Group21" 2 11 20 13 2 7 6 3 4 9 7 7 4 6 8 15 11 11 9 10 12 11 19 13 12 9 13 11 15 15
"022_Group22" 7 12 15 20 12 11 13 17 7 6 8 8 17 13 8 10 9 14 13 7 7 12 17 8 10 9 14 14 8 14
"023_Group23" 13 5 4 4 4 7 10 10 6 5 2 1 2 6 5 8 7 8 9 12 9 10 10 13 10 9 11 12 9 8
"024_Group24" 0 2 4 6 9 7 6 11 12 18 16 5 9 11 7 8 6 14 11 6 13 16 18 10 10 13 13 17 9 7
"025_Group25" 6 6 7 6 9 6 6 2 4 4 6 13 5 4 11 8 10 15 10 4 9 12 16 12 12 15 11 15 16 10
"026_Group26" 11 14 14 11 10 8 6 9 4 7 6 7 14 17 7 3 9 7 9 10 5 13 8 11 13 19 14 9 8 13
"027_Group27" 5 7 3 5 4 10 8 5 13 8 9 7 6 2 1 6 14 15 9 9 7 9 10 17 13 18 22 21 17 17
"028_Group28" 1 6 11 7 6 10 5 6 11 8 7 9 11 12 12 15 6 4 13 14 7 11 17 16 11 10 11 11 16 9
"029_Group29" 8 4 13 7 8 5 3 7 14 20 12 12 10 10 10 4 8 7 21 12 11 19 17 16 19 17 15 20 14 17
"030_Group30" 1 13 5 5 8 13 7 10 11 11 16 27 2 3 1 6 11 20 19 14 13 4 19 23 24 27 22 19 15 19
"031_Group31" 0 1 4 3 2 6 7 5 8 6 0 1 5 9 9 10 7 17 19 16 14 15 12 17 10 12 11 8 15 16
"032_Group32" 3 12 7 6 7 8 5 8 5 6 5 1 11 15 5 8 16 17 19 17 16 16 18 17 21 20 25 16 20 14
"033_Group33" 4 2 2 3 5 11 11 3 0 12 10 5 5 1 3 6 5 11 13 13 7 14 7 10 5 13 15 19 15 6
"034_Group34" 0 2 3 7 9 7 6 17 13 6 5 5 7 5 4 6 8 9 12 7 15 15 17 18 14 19 14 8 8 16
"035_Group35" 6 6 8 12 11 2 7 15 9 6 6 7 3 10 24 17 13 13 23 24 17 11 17 13 20 14 16 23 13 11
"036_Group36" 1 6 8 8 7 8 7 12 10 8 5 8 7 8 4 7 8 10 9 4 6 15 14 23 10 9 9 9 9 21
"037_Group37" 4 2 5 8 6 6 8 15 12 12 6 10 5 11 8 4 2 4 6 11 16 13 13 11 14 23 17 15 18 8
"038_Group38" 0 5 5 6 9 17 16 18 22 18 16 13 4 4 9 12 11 9 17 10 10 20 15 19 13 13 11 14 19 10
"039_Group39" 0 0 5 5 11 3 10 8 10 7 3 6 9 3 7 3 10 11 14 9 14 24 19 14 17 15 16 12 15 7
"040_Group40" 7 13 11 15 7 3 2 5 4 1 10 14 8 7 10 8 10 19 14 22 21 21 10 19 16 16 9 14 8 5
"041_Group41" 0 1 3 3 3 7 9 1 4 29 17 5 8 4 4 4 3 2 5 8 12 6 10 8 12 13 22 8 11 10
"042_Group42" 8 5 7 13 18 7 7 5 3 1 4 4 10 9 3 7 6 3 5 10 21 9 4 9 15 21 15 15 18 11
"043_Group43" 8 4 3 7 7 8 9 12 20 6 12 4 11 9 7 1 1 1 5 9 11 20 25 16 14 21 10 10 18 14
"044_Group44" 9 13 10 14 9 8 10 10 8 5 10 12 10 9 8 10 3 1 0 6 12 21 17 22 12 16 17 17 15 18
"045_Group45" 1 5 15 17 9 12 3 7 9 14 14 19 11 9 14 17 14 17 5 8 14 7 9 14 18 16 14 11 13 12
"046_Group46" 14 4 6 10 9 10 7 11 9 21 11 7 13 14 13 2 2 3 9 7 16 15 11 10 15 12 14 12 15 8
"047_Group47" 11 10 10 7 12 9 3 23 10 15 12 4 4 1 9 7 13 21 17 17 14 18 14 17 17 14 16 13 11 14
"048_Group48" 9 9 4 1 7 10 10 4 3 2 4 6 13 12 5 9 14 15 29 12 8 28 18 10 11 10 8 2 9 13
"049_Group49" 10 17 14 9 6 6 1 4 6 1 7 14 10 6 4 5 7 7 13 12 9 9 10 13 12 10 10 6 10 12
"050_Group50" 21 24 19 21 22 20 26 23 31 18 17 24 18 25 24 21 21 22 17 14 15 16 18 22 20 20 18 20 25 30
"051_Group51" 9 10 14 7 14 5 8 2 7 11 6 11 9 14 13 15 9 9 10 11 11 6 9 7 12 3 9 13 12 10
"052_Group52" 5 5 7 1 9 5 5 5 4 7 12 9 5 6 10 8 10 14 10 7 10 8 13 13 9 14 9 8 7 9
"053_Group53" 9 12 8 6 12 12 7 11 13 6 12 6 9 9 11 14 7 8 16 12 14 12 14 15 11 11 15 14 12 12
"054_Group54" 2 7 9 6 7 7 4 11 7 9 10 13 15 10 7 7 4 3 13 8 12 5 8 11 18 6 7 10 6 12
"055_Group55" 1 5 6 6 3 6 8 8 15 10 17 12 6 6 4 12 11 15 10 8 7 9 14 15 12 8 18 11 13 11
"056_Group56" 9 13 14 10 9 9 8 10 11 11 11 10 12 12 13 9 11 13 13 11 7 11 11 9 15 10 14 12 16 9
"057_Group57" 7 12 16 5 6 5 6 8 9 4 8 13 10 14 17 16 11 16 9 9 13 12 14 12 14 11 11 3 1 2
"058_Group58" 4 7 7 9 5 14 15 11 9 15 10 14 17 14 10 13 12 18 15 20 11 13 6 14 10 16 9 12 9 7
"059_Group59" 5 11 9 19 17 15 12 6 10 13 20 18 11 7 6 11 7 8 12 6 15 13 13 15 12 17 15 12 13 9
"060_Group60" 8 7 3 2 8 10 13 6 11 11 11 23 17 20 11 12 9 14 12 15 17 16 15 14 10 15 14 15 20 10
"061_Group61" 4 16 10 12 12 18 17 14 8 20 8 14 20 20 16 15 14 14 12 15 12 13 13 11 12 14 14 15 15 13
"062_Group62" 4 7 11 9 13 11 13 19 19 17 18 13 16 16 13 8 9 10 9 12 14 14 12 15 10 8 12 9 9 6
"063_Group63" 6 11 14 8 14 15 12 11 17 11 14 9 14 13 12 13 12 15 2 10 11 18 14 17 14 13 16 16 12 10
"064_Group64" 8 2 2 0 4 11 12 4 2 0 2 6 9 8 8 8 7 9 8 8 9 8 5 8 7 8 18 11 7 13
"065_Group65" 5 6 10 16 11 3 0 5 4 7 3 5 5 7 3 13 12 8 10 10 6 13 9 8 9 9 6 5 13 9
"066_Group66" 13 13 13 7 3 2 3 4 6 3 6 2 5 4 12 12 10 6 13 15 10 9 9 14 22 20 11 14 14 17
"067_Group67" 3 2 2 13 14 6 11 9 11 12 7 7 6 7 12 10 12 8 2 3 7 8 7 6 11 13 11 13 10 7
"068_Group68" 5 14 6 7 8 4 4 8 17 7 8 13 15 9 10 9 10 7 1 9 8 8 14 18 13 17 18 15 15 8
"069_Group69" 3 7 5 3 6 6 10 6 5 3 15 8 4 5 8 9 24 20 8 12 9 8 15 12 9 7 9 11 6 8
"070_Group70" 11 3 5 5 2 0 1 3 6 9 7 6 7 4 6 11 13 15 7 8 6 10 6 7 11 10 10 7 8 14
"071_Group71" 6 4 3 4 7 3 4 4 10 10 18 17 11 10 6 3 11 5 13 11 14 13 13 20 18 7 19 14 19 11
"072_Group72" 17 11 14 8 14 14 8 15 5 6 4 8 3 8 11 14 9 13 14 15 7 9 7 5 8 6 13 13 10 9
"073_Group73" 2 3 6 4 4 2 7 0 0 4 1 2 8 8 12 4 18 4 5 11 14 12 5 7 10 13 6 7 6 9
"074_Group74" 9 13 15 18 11 9 12 14 4 7 12 10 8 8 7 18 13 9 9 14 10 5 5 9 18 13 10 7 11 12
"075_Group75" 12 14 7 10 10 11 5 7 2 10 6 15 14 7 4 4 15 14 9 22 17 7 7 9 3 6 13 8 9 12
"076_Group76" 10 15 14 1 10 8 5 2 1 4 10 14 6 13 9 8 4 10 5 9 8 20 4 7 12 17 11 15 10 13
"077_Group77" 2 13 6 2 8 9 6 13 8 5 6 3 15 11 10 8 12 17 10 11 12 16 14 16 13 10 9 12 6 13
"078_Group78" 4 10 5 11 7 8 5 9 11 9 1 11 3 3 3 7 13 14 15 18 14 15 14 17 9 10 6 9 15 15
"079_Group79" 8 12 9 8 7 10 14 3 7 7 3 5 1 0 2 6 11 14 14 16 15 12 10 11 14 10 10 19 9 8
"080_Group80" 5 6 7 0 8 3 1 0 0 0 5 7 2 3 6 8 23 13 11 7 8 13 14 8 10 9 14 12 10 9
"081_Group81" 16 12 14 10 14 1 5 6 0 6 5 1 9 14 7 10 7 10 9 17 7 8 9 10 12 8 9 16 11 9
"082_Group82" 28 21 15 18 11 20 17 13 17 8 6 7 19 5 4 10 10 15 11 24 30 22 17 15 14 14 14 22 12 9
"083_Group83" 6 7 9 7 5 5 8 14 2 10 2 5 9 4 10 10 7 9 8 9 14 13 14 7 10 20 18 14 21 16
"084_Group84" 6 14 12 9 9 5 2 7 2 21 19 14 8 11 1 8 2 5 11 10 8 7 5 8 11 9 9 16 14 12
"085_Group85" 11 15 5 4 5 11 6 14 13 10 11 9 10 10 11 5 13 9 10 12 12 12 7 14 15 10 13 10 9 12
"086_Group86" 5 10 5 3 6 11 4 6 16 14 5 9 9 6 7 13 12 14 14 8 9 16 14 6 21 10 16 14 15 15
"087_Group87" 0 1 1 0 3 3 18 6 5 5 4 3 5 9 10 7 10 10 13 8 12 16 12 11 13 16 13 18 21 10
"088_Group88" 9 11 10 11 12 14 11 8 9 17 8 15 12 16 11 10 10 5 14 14 13 8 14 7 8 13 10 10 12 9
"089_Group89" 0 0 2 1 11 5 4 6 3 13 8 18 13 11 23 11 2 6 8 13 11 13 8 3 12 9 12 17 18 10
"090_Group90" 12 10 10 14 8 9 8 7 12 18 14 14 5 16 12 9 11 8 17 2 7 14 16 18 9 7 15 14 14 9
"091_Group91" 7 9 13 5 11 8 6 11 6 9 8 14 18 17 19 21 13 8 17 13 6 8 10 14 12 13 15 5 10 11
"092_Group92" 7 7 8 4 11 9 7 6 5 15 9 11 11 13 8 17 15 10 10 5 13 11 13 14 13 12 17 14 9 5
"093_Group93" 9 2 3 1 4 11 10 7 17 13 13 11 10 12 11 4 7 10 8 8 12 20 10 9 8 7 11 5 10 9
"094_Group94" 11 9 1 7 6 9 9 10 16 17 15 8 10 13 9 5 9 11 6 12 8 15 6 9 12 9 7 4 8 6
"095_Group95" 4 1 4 7 5 6 14 11 13 8 10 7 7 3 5 3 7 8 9 6 13 11 4 6 6 6 2 3 5 6

"<<<<<< Group Activity: Number of wells/group >>>>>>"
Group/Time[m] 2 4 6 8 10 12 14 16 18 20 22 24 26 28 30 32 34 36 38 40 42 44 46 48 50 52 54 56 58 60
"000_Group0" 1 1 1 1 1 1 1 1 1 1 1 1 1 1 1 1 1 1 1 1 1 1 1 1 1 1 1 1 1 1
"001_Group1" 1 1 1 1 1 1 1 1 1 1 1 1 1 1 1 1 1 1 1 1 1 1 1 1 1 1 1 1 1 1
"002_Group2" 1 1 1 1 1 1 1 1 1 1 1 1 1 1 1 1 1 1 1 1 1 1 1 1 1 1 1 1 1 1
"003_Group3" 1 1 1 1 1 1 1 1 1 1 1 1 1 1 1 1 1 1 1 1 1 1 1 1 1 1 1 1 1 1
"004_Group4" 1 1 1 1 1 1 1 1 1 1 1 1 1 1 1 1 1 1 1 1 1 1 1 1 1 1 1 1 1 1
"005_Group5" 1 1 1 1 1 1 1 1 1 1 1 1 1 1 1 1 1 1 1 1 1 1 1 1 1 1 1 1 1 1
"006_Group6" 1 1 1 1 1 1 1 1 1 1 1 1 1 1 1 1 1 1 1 1 1 1 1 1 1 1 1 1 1 1
"007_Group7" 1 1 1 1 1 1 1 1 1 1 1 1 1 1 1 1 1 1 1 1 1 1 1 1 1 1 1 1 1 1
"008_Group8" 1 1 1 1 1 1 1 1 1 1 1 1 1 1 1 1 1 1 1 1 1 1 1 1 1 1 1 1 1 1
"009_Group9" 1 1 1 1 1 1 1 1 1 1 1 1 1 1 1 1 1 1 1 1 1 1 1 1 1 1 1 1 1 1
"010_Group10" 1 1 1 1 1 1 1 1 1 1 1 1 1 1 1 1 1 1 1 1 1 1 1 1 1 1 1 1 1 1
"011_Group11" 1 1 1 1 1 1 1 1 1 1 1 1 1 1 1 1 1 1 1 1 1 1 1 1 1 1 1 1 1 1
"012_Group12" 1 1 1 1 1 1 1 1 1 1 1 1 1 1 1 1 1 1 1 1 1 1 1 1 1 1 1 1 1 1
"013_Group13" 1 1 1 1 1 1 1 1 1 1 1 1 1 1 1 1 1 1 1 1 1 1 1 1 1 1 1 1 1 1
"014_Group14" 1 1 1 1 1 1 1 1 1 1 1 1 1 1 1 1 1 1 1 1 1 1 1 1 1 1 1 1 1 1
"015_Group15" 1 1 1 1 1 1 1 1 1 1 1 1 1 1 1 1 1 1 1 1 1 1 1 1 1 1 1 1 1 1
"016_Group16" 1 1 1 1 1 1 1 1 1 1 1 1 1 1 1 1 1 1 1 1 1 1 1 1 1 1 1 1 1 1
"017_Group17" 1 1 1 1 1 1 1 1 1 1 1 1 1 1 1 1 1 1 1 1 1 1 1 1 1 1 1 1 1 1
"018_Group18" 1 1 1 1 1 1 1 1 1 1 1 1 1 1 1 1 1 1 1 1 1 1 1 1 1 1 1 1 1 1
"019_Group19" 1 1 1 1 1 1 1 1 1 1 1 1 1 1 1 1 1 1 1 1 1 1 1 1 1 1 1 1 1 1
"020_Group20" 1 1 1 1 1 1 1 1 1 1 1 1 1 1 1 1 1 1 1 1 1 1 1 1 1 1 1 1 1 1
"021_Group21" 1 1 1 1 1 1 1 1 1 1 1 1 1 1 1 1 1 1 1 1 1 1 1 1 1 1 1 1 1 1
"022_Group22" 1 1 1 1 1 1 1 1 1 1 1 1 1 1 1 1 1 1 1 1 1 1 1 1 1 1 1 1 1 1
"023_Group23" 1 1 1 1 1 1 1 1 1 1 1 1 1 1 1 1 1 1 1 1 1 1 1 1 1 1 1 1 1 1
"024_Group24" 1 1 1 1 1 1 1 1 1 1 1 1 1 1 1 1 1 1 1 1 1 1 1 1 1 1 1 1 1 1
"025_Group25" 1 1 1 1 1 1 1 1 1 1 1 1 1 1 1 1 1 1 1 1 1 1 1 1 1 1 1 1 1 1
"026_Group26" 1 1 1 1 1 1 1 1 1 1 1 1 1 1 1 1 1 1 1 1 1 1 1 1 1 1 1 1 1 1
"027_Group27" 1 1 1 1 1 1 1 1 1 1 1 1 1 1 1 1 1 1 1 1 1 1 1 1 1 1 1 1 1 1
"028_Group28" 1 1 1 1 1 1 1 1 1 1 1 1 1 1 1 1 1 1 1 1 1 1 1 1 1 1 1 1 1 1
"029_Group29" 1 1 1 1 1 1 1 1 1 1 1 1 1 1 1 1 1 1 1 1 1 1 1 1 1 1 1 1 1 1
"030_Group30" 1 1 1 1 1 1 1 1 1 1 1 1 1 1 1 1 1 1 1 1 1 1 1 1 1 1 1 1 1 1
"031_Group31" 1 1 1 1 1 1 1 1 1 1 1 1 1 1 1 1 1 1 1 1 1 1 1 1 1 1 1 1 1 1
"032_Group32" 1 1 1 1 1 1 1 1 1 1 1 1 1 1 1 1 1 1 1 1 1 1 1 1 1 1 1 1 1 1
"033_Group33" 1 1 1 1 1 1 1 1 1 1 1 1 1 1 1 1 1 1 1 1 1 1 1 1 1 1 1 1 1 1
"034_Group34" 1 1 1 1 1 1 1 1 1 1 1 1 1 1 1 1 1 1 1 1 1 1 1 1 1 1 1 1 1 1
"035_Group35" 1 1 1 1 1 1 1 1 1 1 1 1 1 1 1 1 1 1 1 1 1 1 1 1 1 1 1 1 1 1
"036_Group36" 1 1 1 1 1 1 1 1 1 1 1 1 1 1 1 1 1 1 1 1 1 1 1 1 1 1 1 1 1 1
"037_Group37" 1 1 1 1 1 1 1 1 1 1 1 1 1 1 1 1 1 1 1 1 1 1 1 1 1 1 1 1 1 1
"038_Group38" 1 1 1 1 1 1 1 1 1 1 1 1 1 1 1 1 1 1 1 1 1 1 1 1 1 1 1 1 1 1
"039_Group39" 1 1 1 1 1 1 1 1 1 1 1 1 1 1 1 1 1 1 1 1 1 1 1 1 1 1 1 1 1 1
"040_Group40" 1 1 1 1 1 1 1 1 1 1 1 1 1 1 1 1 1 1 1 1 1 1 1 1 1 1 1 1 1 1
"041_Group41" 1 1 1 1 1 1 1 1 1 1 1 1 1 1 1 1 1 1 1 1 1 1 1 1 1 1 1 1 1 1
"042_Group42" 1 1 1 1 1 1 1 1 1 1 1 1 1 1 1 1 1 1 1 1 1 1 1 1 1 1 1 1 1 1
"043_Group43" 1 1 1 1 1 1 1 1 1 1 1 1 1 1 1 1 1 1 1 1 1 1 1 1 1 1 1 1 1 1
"044_Group44" 1 1 1 1 1 1 1 1 1 1 1 1 1 1 1 1 1 1 1 1 1 1 1 1 1 1 1 1 1 1
"045_Group45" 1 1 1 1 1 1 1 1 1 1 1 1 1 1 1 1 1 1 1 1 1 1 1 1 1 1 1 1 1 1
"046_Group46" 1 1 1 1 1 1 1 1 1 1 1 1 1 1 1 1 1 1 1 1 1 1 1 1 1 1 1 1 1 1
"047_Group47" 1 1 1 1 1 1 1 1 1 1 1 1 1 1 1 1 1 1 1 1 1 1 1 1 1 1 1 1 1 1
"048_Group48" 1 1 1 1 1 1 1 1 1 1 1 1 1 1 1 1 1 1 1 1 1 1 1 1 1 1 1 1 1 1
"049_Group49" 1 1 1 1 1 1 1 1 1 1 1 1 1 1 1 1 1 1 1 1 1 1 1 1 1 1 1 1 1 1
"050_Group50" 1 1 1 1 1 1 1 1 1 1 1 1 1 1 1 1 1 1 1 1 1 1 1 1 1 1 1 1 1 1
"051_Group51" 1 1 1 1 1 1 1 1 1 1 1 1 1 1 1 1 1 1 1 1 1 1 1 1 1 1 1 1 1 1
"052_Group52" 1 1 1 1 1 1 1 1 1 1 1 1 1 1 1 1 1 1 1 1 1 1 1 1 1 1 1 1 1 1
"053_Group53" 1 1 1 1 1 1 1 1 1 1 1 1 1 1 1 1 1 1 1 1 1 1 1 1 1 1 1 1 1 1
"054_Group54" 1 1 1 1 1 1 1 1 1 1 1 1 1 1 1 1 1 1 1 1 1 1 1 1 1 1 1 1 1 1
"055_Group55" 1 1 1 1 1 1 1 1 1 1 1 1 1 1 1 1 1 1 1 1 1 1 1 1 1 1 1 1 1 1
"056_Group56" 1 1 1 1 1 1 1 1 1 1 1 1 1 1 1 1 1 1 1 1 1 1 1 1 1 1 1 1 1 1
"057_Group57" 1 1 1 1 1 1 1 1 1 1 1 1 1 1 1 1 1 1 1 1 1 1 1 1 1 1 1 1 1 1
"058_Group58" 1 1 1 1 1 1 1 1 1 1 1 1 1 1 1 1 1 1 1 1 1 1 1 1 1 1 1 1 1 1
"059_Group59" 1 1 1 1 1 1 1 1 1 1 1 1 1 1 1 1 1 1 1 1 1 1 1 1 1 1 1 1 1 1
"060_Group60" 1 1 1 1 1 1 1 1 1 1 1 1 1 1 1 1 1 1 1 1 1 1 1 1 1 1 1 1 1 1
"061_Group61" 1 1 1 1 1 1 1 1 1 1 1 1 1 1 1 1 1 1 1 1 1 1 1 1 1 1 1 1 1 1
"062_Group62" 1 1 1 1 1 1 1 1 1 1 1 1 1 1 1 1 1 1 1 1 1 1 1 1 1 1 1 1 1 1
"063_Group63" 1 1 1 1 1 1 1 1 1 1 1 1 1 1 1 1 1 1 1 1 1 1 1 1 1 1 1 1 1 1
"064_Group64" 1 1 1 1 1 1 1 1 1 1 1 1 1 1 1 1 1 1 1 1 1 1 1 1 1 1 1 1 1 1
"065_Group65" 1 1 1 1 1 1 1 1 1 1 1 1 1 1 1 1 1 1 1 1 1 1 1 1 1 1 1 1 1 1
"066_Group66" 1 1 1 1 1 1 1 1 1 1 1 1 1 1 1 1 1 1 1 1 1 1 1 1 1 1 1 1 1 1
"067_Group67" 1 1 1 1 1 1 1 1 1 1 1 1 1 1 1 1 1 1 1 1 1 1 1 1 1 1 1 1 1 1
"068_Group68" 1 1 1 1 1 1 1 1 1 1 1 1 1 1 1 1 1 1 1 1 1 1 1 1 1 1 1 1 1 1
"069_Group69" 1 1 1 1 1 1 1 1 1 1 1 1 1 1 1 1 1 1 1 1 1 1 1 1 1 1 1 1 1 1
"070_Group70" 1 1 1 1 1 1 1 1 1 1 1 1 1 1 1 1 1 1 1 1 1 1 1 1 1 1 1 1 1 1
"071_Group71" 1 1 1 1 1 1 1 1 1 1 1 1 1 1 1 1 1 1 1 1 1 1 1 1 1 1 1 1 1 1
"072_Group72" 1 1 1 1 1 1 1 1 1 1 1 1 1 1 1 1 1 1 1 1 1 1 1 1 1 1 1 1 1 1
"073_Group73" 1 1 1 1 1 1 1 1 1 1 1 1 1 1 1 1 1 1 1 1 1 1 1 1 1 1 1 1 1 1
"074_Group74" 1 1 1 1 1 1 1 1 1 1 1 1 1 1 1 1 1 1 1 1 1 1 1 1 1 1 1 1 1 1
"075_Group75" 1 1 1 1 1 1 1 1 1 1 1 1 1 1 1 1 1 1 1 1 1 1 1 1 1 1 1 1 1 1
"076_Group76" 1 1 1 1 1 1 1 1 1 1 1 1 1 1 1 1 1 1 1 1 1 1 1 1 1 1 1 1 1 1
"077_Group77" 1 1 1 1 1 1 1 1 1 1 1 1 1 1 1 1 1 1 1 1 1 1 1 1 1 1 1 1 1 1
"078_Group78" 1 1 1 1 1 1 1 1 1 1 1 1 1 1 1 1 1 1 1 1 1 1 1 1 1 1 1 1 1 1
"079_Group79" 1 1 1 1 1 1 1 1 1 1 1 1 1 1 1 1 1 1 1 1 1 1 1 1 1 1 1 1 1 1
"080_Group80" 1 1 1 1 1 1 1 1 1 1 1 1 1 1 1 1 1 1 1 1 1 1 1 1 1 1 1 1 1 1
"081_Group81" 1 1 1 1 1 1 1 1 1 1 1 1 1 1 1 1 1 1 1 1 1 1 1 1 1 1 1 1 1 1
"082_Group82" 1 1 1 1 1 1 1 1 1 1 1 1 1 1 1 1 1 1 1 1 1 1 1 1 1 1 1 1 1 1
"083_Group83" 1 1 1 1 1 1 1 1 1 1 1 1 1 1 1 1 1 1 1 1 1 1 1 1 1 1 1 1 1 1
"084_Group84" 1 1 1 1 1 1 1 1 1 1 1 1 1 1 1 1 1 1 1 1 1 1 1 1 1 1 1 1 1 1
"085_Group85" 1 1 1 1 1 1 1 1 1 1 1 1 1 1 1 1 1 1 1 1 1 1 1 1 1 1 1 1 1 1
"086_Group86" 1 1 1 1 1 1 1 1 1 1 1 1 1 1 1 1 1 1 1 1 1 1 1 1 1 1 1 1 1 1
"087_Group87" 1 1 1 1 1 1 1 1 1 1 1 1 1 1 1 1 1 1 1 1 1 1 1 1 1 1 1 1 1 1
"088_Group88" 1 1 1 1 1 1 1 1 1 1 1 1 1 1 1 1 1 1 1 1 1 1 1 1 1 1 1 1 1 1
"089_Group89" 1 1 1 1 1 1 1 1 1 1 1 1 1 1 1 1 1 1 1 1 1 1 1 1 1 1 1 1 1 1
"090_Group90" 1 1 1 1 1 1 1 1 1 1 1 1 1 1 1 1 1 1 1 1 1 1 1 1 1 1 1 1 1 1
"091_Group91" 1 1 1 1 1 1 1 1 1 1 1 1 1 1 1 1 1 1 1 1 1 1 1 1 1 1 1 1 1 1
"092_Group92" 1 1 1 1 1 1 1 1 1 1 1 1 1 1 1 1 1 1 1 1 1 1 1 1 1 1 1 1 1 1
"093_Group93" 1 1 1 1 1 1 1 1 1 1 1 1 1 1 1 1 1 1 1 1 1 1 1 1 1 1 1 1 1 1
"094_Group94" 1 1 1 1 1 1 1 1 1 1 1 1 1 1 1 1 1 1 1 1 1 1 1 1 1 1 1 1 1 1
"095_Group95" 1 1 1 1 1 1 1 1 1 1 1 1 1 1 1 1 1 1 1 1 1 1 1 1 1 1 1 1 1 1

"<<<<<< Number of Samples per Acquisition Interval [1unit=500values] >>>>>>"
Time[m] 2 4 6 8 10 12 14 16 18 20 22 24 26 28 30 32 34 36 38 40 42 44 46 48 50 52 54 56 58 60 
#Samples 2 2 2 2 2 2 2 2 2 2 2 2 2 2 2 2 2 2 2 2 2 2 2 2 2 2 2 2 2 2 

"<<<<<< Average Temperature [°C] >>>>>>"
Time[m] 2 4 6 8 10 12 14 16 18 20 22 24 26 28 30 32 34 36 38 40 42 44 46 48 50 52 54 56 58 60 
Temp[°C] 21.4 21.4 21.4 21.4 21.4 21.4 21.4 21.4 21.4 21.4 21.4 21.4 21.4 21.4 21.4 21.4 21.4 21.4 21.4 21.4 21.4 21.4 21.4 21.4 21.4 21.2 21.2 21.2 21.1 21.2 

"<<<<<< Well Activity >>>>>>"
Well Group/Time[m] 2 4 6 8 10 12 14 16 18 20 22 24 26 28 30 32 34 36 38 40 42 44 46 48 50 52 54 56 58 60
A1 "000_Group0" 7 5 5 7 5 4 7 4 3 6 2 1 5 5 5 4 12 11 10 11 16 5 7 8 9 8 11 15 10 14
B1 "001_Group1" 0 8 5 4 11 6 10 3 3 16 4 5 7 16 6 9 7 11 11 17 12 8 9 8 19 12 15 20 13 14
C1 "002_Group2" 13 5 6 2 10 15 17 13 6 11 3 2 7 13 17 26 14 8 13 11 7 3 8 12 15 16 10 10 12 13
D1 "003_Group3" 0 1 6 5 7 5 3 8 6 1 0 7 6 9 13 12 6 8 13 15 11 6 13 21 7 8 9 10 13 11
E1 "004_Group4" 12 10 12 12 10 15 9 8 13 8 5 14 6 6 10 6 8 6 11 10 13 14 18 18 12 10 6 12 9 13
F1 "005_Group5" 14 10 9 11 9 11 19 8 6 7 9 7 5 9 12 17 10 8 14 10 15 13 19 10 13 6 9 8 11 7
G1 "006_Group6" 22 12 4 8 6 7 11 8 7 9 12 7 11 11 8 12 10 14 12 19 6 11 9 6 11 10 12 14 8 4
H1 "007_Group7" 6 8 16 10 9 12 10 8 13 12 18 15 15 7 5 6 9 8 7 9 9 6 12 18 16 15 14 13 6 19
A2 "008_Group8" 10 4 7 1 3 3 6 12 13 9 10 13 14 20 19 11 11 11 18 12 17 23 13 19 12 8 8 11 13 14
B2 "009_Group9" 7 11 4 7 9 8 7 12 22 10 15 9 10 13 15 6 13 21 12 8 12 16 16 16 14 12 15 15 13 5
C2 "010_Group10" 5 0 5 8 7 12 13 15 17 14 16 11 8 8 7 5 8 10 8 12 11 12 12 12 11 15 21 4 11 10
D2 "011_Group11" 4 13 11 10 10 8 7 12 19 22 15 10 10 21 13 14 15 10 20 8 8 8 13 9 14 13 19 18 9 9
E2 "012_Group12" 5 1 6 12 3 11 16 14 10 19 5 15 13 12 13 18 12 12 13 18 11 13 9 10 14 12 12 9 12 9
F2 "013_Group13" 5 1 4 10 11 29 15 16 23 13 11 15 11 12 12 11 17 11 11 16 21 10 13 12 11 12 7 12 6 6
G2 "014_Group14" 7 1 3 3 4 16 15 12 13 12 12 16 19 17 14 10 5 16 12 8 10 10 17 13 12 9 17 9 12 8
H2 "015_Group15" 8 6 3 6 13 10 10 16 13 11 15 9 13 8 10 7 10 11 5 5 10 13 10 10 8 10 14 9 11 6
A3 "016_Group16" 0 1 6 23 9 3 2 5 0 0 1 0 11 15 13 7 11 11 14 12 12 11 7 11 7 8 15 14 12 16
B3 "017_Group17" 10 10 6 8 4 7 4 12 10 8 8 14 2 12 16 8 15 8 11 8 8 9 12 8 14 10 11 11 7 12
C3 "018_Group18" 16 8 10 7 7 2 2 4 10 6 6 5 10 10 7 7 9 13 11 7 1 8 10 5 7 7 6 4 12 12
D3 "019_Group19" 13 3 10 8 4 5 4 6 7 8 9 9 6 3 9 11 14 11 12 12 11 9 8 15 12 13 14 11 11 19
E3 "020_Group20" 3 8 7 7 8 7 9 4 6 7 4 7 13 7 3 9 5 9 10 4 4 2 12 11 11 13 10 13 19 15
F3 "021_Group21" 2 11 20 13 2 7 6 3 4 9 7 7 4 6 8 15 11 11 9 10 12 11 19 13 12 9 13 11 15 15
G3 "022_Group22" 7 12 15 20 12 11 13 17 7 6 8 8 17 13 8 10 9 14 13 7 7 12 17 8 10 9 14 14 8 14
H3 "023_Group23" 13 5 4 4 4 7 10 10 6 5 2 1 2 6 5 8 7 8 9 12 9 10 10 13 10 9 11 12 9 8
A4 "024_Group24" 0 2 4 6 9 7 6 11 12 18 16 5 9 11 7 8 6 14 11 6 13 16 18 10 10 13 13 17 9 7
B4 "025_Group25" 6 6 7 6 9 6 6 2 4 4 6 13 5 4 11 8 10 15 10 4 9 12 16 12 12 15 11 15 16 10
C4 "026_Group26" 11 14 14 11 10 8 6 9 4 7 6 7 14 17 7 3 9 7 9 10 5 13 8 11 13 19 14 9 8 13
D4 "027_Group27" 5 7 3 5 4 10 8 5 13 8 9 7 6 2 1 6 14 15 9 9 7 9 10 17 13 18 22 21 17 17
E4 "028_Group28" 1 6 11 7 6 10 5 6 11 8 7 9 11 12 12 15 6 4 13 14 7 11 17 16 11 10 11 11 16 9
F4 "029_Group29" 8 4 13 7 8 5 3 7 14 20 12 12 10 10 10 4 8 7 21 12 11 19 17 16 19 17 15 20 14 17
G4 "030_Group30" 1 13 5 5 8 13 7 10 11 11 16 27 2 3 1 6 11 20 19 14 13 4 19 23 24 27 22 19 15 19
H4 "031_Group31" 0 1 4 3 2 6 7 5 8 6 0 1 5 9 9 10 7 17 19 16 14 15 12 17 10 12 11 8 15 16
A5 "032_Group32" 3 12 7 6 7 8 5 8 5 6 5 1 11 15 5 8 16 17 19 17 16 16 18 17 21 20 25 16 20 14
B5 "033_Group33" 4 2 2 3 5 11 11 3 0 12 10 5 5 1 3 6 5 11 13 13 7 14 7 10 5 13 15 19 15 6
C5 "034_Group34" 0 2 3 7 9 7 6 17 13 6 5 5 7 5 4 6 8 9 12 7 15 15 17 18 14 19 14 8 8 16
D5 "035_Group35" 6 6 8 12 11 2 7 15 9 6 6 7 3 10 24 17 13 13 23 24 17 11 17 13 20 14 16 23 13 11
E5 "036_Group36" 1 6 8 8 7 8 7 12 10 8 5 8 7 8 4 7 8 10 9 4 6 15 14 23 10 9 9 9 9 21
F5 "037_Group37" 4 2 5 8 6 6 8 15 12 12 6 10 5 11 8 4 2 4 6 11 16 13 13 11 14 23 17 15 18 8
G5 "038_Group38" 0 5 5 6 9 17 16 18 22 18 16 13 4 4 9 12 11 9 17 10 10 20 15 19 13 13 11 14 19 10
H5 "039_Group39" 0 0 5 5 11 3 10 8 10 7 3 6 9 3 7 3 10 11 14 9 14 24 19 14 17 15 16 12 15 7
A6 "040_Group40" 7 13 11 15 7 3 2 5 4 1 10 14 8 7 10 8 10 19 14 22 21 21 10 19 16 16 9 14 8 5
B6 "041_Group41" 0 1 3 3 3 7 9 1 4 29 17 5 8 4 4 4 3 2 5 8 12 6 10 8 12 13 22 8 11 10
C6 "042_Group42" 8 5 7 13 18 7 7 5 3 1 4 4 10 9 3 7 6 3 5 10 21 9 4 9 15 21 15 15 18 11
D6 "043_Group43" 8 4 3 7 7 8 9 12 20 6 12 4 11 9 7 1 1 1 5 9 11 20 25 16 14 21 10 10 18 14
E6 "044_Group44" 9 13 10 14 9 8 10 10 8 5 10 12 10 9 8 10 3 1 0 6 12 21 17 22 12 16 17 17 15 18
F6 "045_Group45" 1 5 15 17 9 12 3 7 9 14 14 19 11 9 14 17 14 17 5 8 14 7 9 14 18 16 14 11 13 12
G6 "046_Group46" 14 4 6 10 9 10 7 11 9 21 11 7 13 14 13 2 2 3 9 7 16 15 11 10 15 12 14 12 15 8
H6 "047_Group47" 11 10 10 7 12 9 3 23 10 15 12 4 4 1 9 7 13 21 17 17 14 18 14 17 17 14 16 13 11 14
A7 "048_Group48" 9 9 4 1 7 10 10 4 3 2 4 6 13 12 5 9 14 15 29 12 8 28 18 10 11 10 8 2 9 13
B7 "049_Group49" 10 17 14 9 6 6 1 4 6 1 7 14 10 6 4 5 7 7 13 12 9 9 10 13 12 10 10 6 10 12
C7 "050_Group50" 21 24 19 21 22 20 26 23 31 18 17 24 18 25 24 21 21 22 17 14 15 16 18 22 20 20 18 20 25 30
D7 "051_Group51" 9 10 14 7 14 5 8 2 7 11 6 11 9 14 13 15 9 9 10 11 11 6 9 7 12 3 9 13 12 10
E7 "052_Group52" 5 5 7 1 9 5 5 5 4 7 12 9 5 6 10 8 10 14 10 7 10 8 13 13 9 14 9 8 7 9
F7 "053_Group53" 9 12 8 6 12 12 7 11 13 6 12 6 9 9 11 14 7 8 16 12 14 12 14 15 11 11 15 14 12 12
G7 "054_Group54" 2 7 9 6 7 7 4 11 7 9 10 13 15 10 7 7 4 3 13 8 12 5 8 11 18 6 7 10 6 12
H7 "055_Group55" 1 5 6 6 3 6 8 8 15 10 17 12 6 6 4 12 11 15 10 8 7 9 14 15 12 8 18 11 13 11
A8 "056_Group56" 9 13 14 10 9 9 8 10 11 11 11 10 12 12 13 9 11 13 13 11 7 11 11 9 15 10 14 12 16 9
B8 "057_Group57" 7 12 16 5 6 5 6 8 9 4 8 13 10 14 17 16 11 16 9 9 13 12 14 12 14 11 11 3 1 2
C8 "058_Group58" 4 7 7 9 5 14 15 11 9 15 10 14 17 14 10 13 12 18 15 20 11 13 6 14 10 16 9 12 9 7
D8 "059_Group59" 5 11 9 19 17 15 12 6 10 13 20 18 11 7 6 11 7 8 12 6 15 13 13 15 12 17 15 12 13 9
E8 "060_Group60" 8 7 3 2 8 10 13 6 11 11 11 23 17 20 11 12 9 14 12 15 17 16 15 14 10 15 14 15 20 10
F8 "061_Group61" 4 16 10 12 12 18 17 14 8 20 8 14 20 20 16 15 14 14 12 15 12 13 13 11 12 14 14 15 15 13
G8 "062_Group62" 4 7 11 9 13 11 13 19 19 17 18 13 16 16 13 8 9 10 9 12 14 14 12 15 10 8 12 9 9 6
H8 "063_Group63" 6 11 14 8 14 15 12 11 17 11 14 9 14 13 12 13 12 15 2 10 11 18 14 17 14 13 16 16 12 10
A9 "064_Group64" 8 2 2 0 4 11 12 4 2 0 2 6 9 8 8 8 7 9 8 8 9 8 5 8 7 8 18 11 7 13
B9 "065_Group65" 5 6 10 16 11 3 0 5 4 7 3 5 5 7 3 13 12 8 10 10 6 13 9 8 9 9 6 5 13 9
C9 "066_Group66" 13 13 13 7 3 2 3 4 6 3 6 2 5 4 12 12 10 6 13 15 10 9 9 14 22 20 11 14 14 17
D9 "067_Group67" 3 2 2 13 14 6 11 9 11 12 7 7 6 7 12 10 12 8 2 3 7 8 7 6 11 13 11 13 10 7
E9 "068_Group68" 5 14 6 7 8 4 4 8 17 7 8 13 15 9 10 9 10 7 1 9 8 8 14 18 13 17 18 15 15 8
F9 "069_Group69" 3 7 5 3 6 6 10 6 5 3 15 8 4 5 8 9 24 20 8 12 9 8 15 12 9 7 9 11 6 8
G9 "070_Group70" 11 3 5 5 2 0 1 3 6 9 7 6 7 4 6 11 13 15 7 8 6 10 6 7 11 10 10 7 8 14
H9 "071_Group71" 6 4 3 4 7 3 4 4 10 10 18 17 11 10 6 3 11 5 13 11 14 13 13 20 18 7 19 14 19 11
A10 "072_Group72" 17 11 14 8 14 14 8 15 5 6 4 8 3 8 11 14 9 13 14 15 7 9 7 5 8 6 13 13 10 9
B10 "073_Group73" 2 3 6 4 4 2 7 0 0 4 1 2 8 8 12 4 18 4 5 11 14 12 5 7 10 13 6 7 6 9
C10 "074_Group74" 9 13 15 18 11 9 12 14 4 7 12 10 8 8 7 18 13 9 9 14 10 5 5 9 18 13 10 7 11 12
D10 "075_Group75" 12 14 7 10 10 11 5 7 2 10 6 15 14 7 4 4 15 14 9 22 17 7 7 9 3 6 13 8 9 12
E10 "076_Group76" 10 15 14 1 10 8 5 2 1 4 10 14 6 13 9 8 4 10 5 9 8 20 4 7 12 17 11 15 10 13
F10 "077_Group77" 2 13 6 2 8 9 6 13 8 5 6 3 15 11 10 8 12 17 10 11 12 16 14 16 13 10 9 12 6 13
G10 "078_Group78" 4 10 5 11 7 8 5 9 11 9 1 11 3 3 3 7 13 14 15 18 14 15 14 17 9 10 6 9 15 15
H10 "079_Group79" 8 12 9 8 7 10 14 3 7 7 3 5 1 0 2 6 11 14 14 16 15 12 10 11 14 10 10 19 9 8
A11 "080_Group80" 5 6 7 0 8 3 1 0 0 0 5 7 2 3 6 8 23 13 11 7 8 13 14 8 10 9 14 12 10 9
B11 "081_Group81" 16 12 14 10 14 1 5 6 0 6 5 1 9 14 7 10 7 10 9 17 7 8 9 10 12 8 9 16 11 9
C11 "082_Group82" 28 21 15 18 11 20 17 13 17 8 6 7 19 5 4 10 10 15 11 24 30 22 17 15 14 14 14 22 12 9
D11 "083_Group83" 6 7 9 7 5 5 8 14 2 10 2 5 9 4 10 10 7 9 8 9 14 13 14 7 10 20 18 14 21 16
E11 "084_Group84" 6 14 12 9 9 5 2 7 2 21 19 14 8 11 1 8 2 5 11 10 8 7 5 8 11 9 9 16 14 12
F11 "085_Group85" 11 15 5 4 5 11 6 14 13 10 11 9 10 10 11 5 13 9 10 12 12 12 7 14 15 10 13 10 9 12
G11 "086_Group86" 5 10 5 3 6 11 4 6 16 14 5 9 9 6 7 13 12 14 14 8 9 16 14 6 21 10 16 14 15 15
H11 "087_Group87" 0 1 1 0 3 3 18 6 5 5 4 3 5 9 10 7 10 10 13 8 12 16 12 11 13 16 13 18 21 10
A12 "088_Group88" 9 11 10 11 12 14 11 8 9 17 8 15 12 16 11 10 10 5 14 14 13 8 14 7 8 13 10 10 12 9
B12 "089_Group89" 0 0 2 1 11 5 4 6 3 13 8 18 13 11 23 11 2 6 8 13 11 13 8 3 12 9 12 17 18 10
C12 "090_Group90" 12 10 10 14 8 9 8 7 12 18 14 14 5 16 12 9 11 8 17 2 7 14 16 18 9 7 15 14 14 9
D12 "091_Group91" 7 9 13 5 11 8 6 11 6 9 8 14 18 17 19 21 13 8 17 13 6 8 10 14 12 13 15 5 10 11
E12 "092_Group92" 7 7 8 4 11 9 7 6 5 15 9 11 11 13 8 17 15 10 10 5 13 11 13 14 13 12 17 14 9 5
F12 "093_Group93" 9 2 3 1 4 11 10 7 17 13 13 11 10 12 11 4 7 10 8 8 12 20 10 9 8 7 11 5 10 9
G12 "094_Group94" 11 9 1 7 6 9 9 10 16 17 15 8 10 13 9 5 9 11 6 12 8 15 6 9 12 9 7 4 8 6
H12 "095_Group95" 4 1 4 7 5 6 14 11 13 8 10 7 7 3 5 3 7 8 9 6 13 11 4 6 6 6 2 3 5 6

"<<<<<< Channel Activity >>>>>>"
Channel Well Group/Time[m] 2 4 6 8 10 12 14 16 18 20 22 24 26 28 30 32 34 36 38 40 42 44 46 48 50 52 54 56 58 60
CH0 A1.0 "000_Group0" 7 5 5 7 5 4 7 4 3 6 2 1 5 5 5 4 12 11 10 11 16 5 7 8 9 8 11 15 10 14
CH2 B1.0 "001_Group1" 0 8 5 4 11 6 10 3 3 16 4 5 7 16 6 9 7 11 11 17 12 8 9 8 19 12 15 20 13 14
CH4 C1.0 "002_Group2" 13 5 6 2 10 15 17 13 6 11 3 2 7 13 17 26 14 8 13 11 7 3 8 12 15 16 10 10 12 13
CH6 D1.0 "003_Group3" 0 1 6 5 7 5 3 8 6 1 0 7 6 9 13 12 6 8 13 15 11 6 13 21 7 8 9 10 13 11
CH8 E1.0 "004_Group4" 12 10 12 12 10 15 9 8 13 8 5 14 6 6 10 6 8 6 11 10 13 14 18 18 12 10 6 12 9 13
CH10 F1.0 "005_Group5" 14 10 9 11 9 11 19 8 6 7 9 7 5 9 12 17 10 8 14 10 15 13 19 10 13 6 9 8 11 7
CH12 G1.0 "006_Group6" 22 12 4 8 6 7 11 8 7 9 12 7 11 11 8 12 10 14 12 19 6 11 9 6 11 10 12 14 8 4
CH14 H1.0 "007_Group7" 6 8 16 10 9 12 10 8 13 12 18 15 15 7 5 6 9 8 7 9 9 6 12 18 16 15 14 13 6 19
CH32 A2.0 "008_Group8" 10 4 7 1 3 3 6 12 13 9 10 13 14 20 19 11 11 11 18 12 17 23 13 19 12 8 8 11 13 14
CH34 B2.0 "009_Group9" 7 11 4 7 9 8 7 12 22 10 15 9 10 13 15 6 13 21 12 8 12 16 16 16 14 12 15 15 13 5
CH36 C2.0 "010_Group10" 5 0 5 8 7 12 13 15 17 14 16 11 8 8 7 5 8 10 8 12 11 12 12 12 11 15 21 4 11 10
CH38 D2.0 "011_Group11" 4 13 11 10 10 8 7 12 19 22 15 10 10 21 13 14 15 10 20 8 8 8 13 9 14 13 19 18 9 9
CH40 E2.0 "012_Group12" 5 1 6 12 3 11 16 14 10 19 5 15 13 12 13 18 12 12 13 18 11 13 9 10 14 12 12 9 12 9
CH42 F2.0 "013_Group13" 5 1 4 10 11 29 15 16 23 13 11 15 11 12 12 11 17 11 11 16 21 10 13 12 11 12 7 12 6 6
CH44 G2.0 "014_Group14" 7 1 3 3 4 16 15 12 13 12 12 16 19 17 14 10 5 16 12 8 10 10 17 13 12 9 17 9 12 8
CH46 H2.0 "015_Group15" 8 6 3 6 13 10 10 16 13 11 15 9 13 8 10 7 10 11 5 5 10 13 10 10 8 10 14 9 11 6
CH64 A3.0 "016_Group16" 0 1 6 23 9 3 2 5 0 0 1 0 11 15 13 7 11 11 14 12 12 11 7 11 7 8 15 14 12 16
CH66 B3.0 "017_Group17" 10 10 6 8 4 7 4 12 10 8 8 14 2 12 16 8 15 8 11 8 8 9 12 8 14 10 11 11 7 12
CH68 C3.0 "018_Group18" 16 8 10 7 7 2 2 4 10 6 6 5 10 10 7 7 9 13 11 7 1 8 10 5 7 7 6 4 12 12
CH70 D3.0 "019_Group19" 13 3 10 8 4 5 4 6 7 8 9 9 6 3 9 11 14 11 12 12 11 9 8 15 12 13 14 11 11 19
CH72 E3.0 "020_Group20" 3 8 7 7 8 7 9 4 6 7 4 7 13 7 3 9 5 9 10 4 4 2 12 11 11 13 10 13 19 15
CH74 F3.0 "021_Group21" 2 11 20 13 2 7 6 3 4 9 7 7 4 6 8 15 11 11 9 10 12 11 19 13 12 9 13 11 15 15
CH76 G3.0 "022_Group22" 7 12 15 20 12 11 13 17 7 6 8 8 17 13 8 10 9 14 13 7 7 12 17 8 10 9 14 14 8 14
CH78 H3.0 "023_Group23" 13 5 4 4 4 7 10 10 6 5 2 1 2 6 5 8 7 8 9 12 9 10 10 13 10 9 11 12 9 8
CH96 A4.0 "024_Group24" 0 2 4 6 9 7 6 11 12 18 16 5 9 11 7 8 6 14 11 6 13 16 18 10 10 13 13 17 9 7
CH98 B4.0 "025_Group25" 6 6 7 6 9 6 6 2 4 4 6 13 5 4 11 8 10 15 10 4 9 12 16 12 12 15 11 15 16 10
CH100 C4.0 "026_Group26" 11 14 14 11 10 8 6 9 4 7 6 7 14 17 7 3 9 7 9 10 5 13 8 11 13 19 14 9 8 13
CH102 D4.0 "027_Group27" 5 7 3 5 4 10 8 5 13 8 9 7 6 2 1 6 14 15 9 9 7 9 10 17 13 18 22 21 17 17
CH104 E4.0 "028_Group28" 1 6 11 7 6 10 5 6 11 8 7 9 11 12 12 15 6 4 13 14 7 11 17 16 11 10 11 11 16 9
CH106 F4.0 "029_Group29" 8 4 13 7 8 5 3 7 14 20 12 12 10 10 10 4 8 7 21 12 11 19 17 16 19 17 15 20 14 17
CH108 G4.0 "030_Group30" 1 13 5 5 8 13 7 10 11 11 16 27 2 3 1 6 11 20 19 14 13 4 19 23 24 27 22 19 15 19
CH110 H4.0 "031_Group31" 0 1 4 3 2 6 7 5 8 6 0 1 5 9 9 10 7 17 19 16 14 15 12 17 10 12 11 8 15 16
CH128 A5.0 "032_Group32" 3 12 7 6 7 8 5 8 5 6 5 1 11 15 5 8 16 17 19 17 16 16 18 17 21 20 25 16 20 14
CH130 B5.0 "033_Group33" 4 2 2 3 5 11 11 3 0 12 10 5 5 1 3 6 5 11 13 13 7 14 7 10 5 13 15 19 15 6
CH132 C5.0 "034_Group34" 0 2 3 7 9 7 6 17 13 6 5 5 7 5 4 6 8 9 12 7 15 15 17 18 14 19 14 8 8 16
CH134 D5.0 "035_Group35" 6 6 8 12 11 2 7 15 9 6 6 7 3 10 24 17 13 13 23 24 17 11 17 13 20 14 16 23 13 11
CH136 E5.0 "036_Group36" 1 6 8 8 7 8 7 12 10 8 5 8 7 8 4 7 8 10 9 4 6 15 14 23 10 9 9 9 9 21
CH138 F5.0 "037_Group37" 4 2 5 8 6 6 8 15 12 12 6 10 5 11 8 4 2 4 6 11 16 13 13 11 14 23 17 15 18 8
CH140 G5.0 "038_Group38" 0 5 5 6 9 17 16 18 22 18 16 13 4 4 9 12 11 9 17 10 10 20 15 19 13 13 11 14 19 10
CH142 H5.0 "039_Group39" 0 0 5 5 11 3 10 8 10 7 3 6 9 3 7 3 10 11 14 9 14 24 19 14 17 15 16 12 15 7
CH160 A6.0 "040_Group40" 7 13 11 15 7 3 2 5 4 1 10 14 8 7 10 8 10 19 14 22 21 21 10 19 16 16 9 14 8 5
CH162 B6.0 "041_Group41" 0 1 3 3 3 7 9 1 4 29 17 5 8 4 4 4 3 2 5 8 12 6 10 8 12 13 22 8 11 10
CH164 C6.0 "042_Group42" 8 5 7 13 18 7 7 5 3 1 4 4 10 9 3 7 6 3 5 10 21 9 4 9 15 21 15 15 18 11
CH166 D6.0 "043_Group43" 8 4 3 7 7 8 9 12 20 6 12 4 11 9 7 1 1 1 5 9 11 20 25 16 14 21 10 10 18 14
CH168 E6.0 "044_Group44" 9 13 10 14 9 8 10 10 8 5 10 12 10 9 8 10 3 1 0 6 12 21 17 22 12 16 17 17 15 18
CH170 F6.0 "045_Group45" 1 5 15 17 9 12 3 7 9 14 14 19 11 9 14 17 14 17 5 8 14 7 9 14 18 16 14 11 13 12
CH172 G6.0 "046_Group46" 14 4 6 10 9 10 7 11 9 21 11 7 13 14 13 2 2 3 9 7 16 15 11 10 15 12 14 12 15 8
CH174 H6.0 "047_Group47" 11 10 10 7 12 9 3 23 10 15 12 4 4 1 9 7 13 21 17 17 14 18 14 17 17 14 16 13 11 14
CH192 A7.0 "048_Group48" 9 9 4 1 7 10 10 4 3 2 4 6 13 12 5 9 14 15 29 12 8 28 18 10 11 10 8 2 9 13
CH194 B7.0 "049_Group49" 10 17 14 9 6 6 1 4 6 1 7 14 10 6 4 5 7 7 13 12 9 9 10 13 12 10 10 6 10 12
CH196 C7.0 "050_Group50" 21 24 19 21 22 20 26 23 31 18 17 24 18 25 24 21 21 22 17 14 15 16 18 22 20 20 18 20 25 30
CH198 D7.0 "051_Group51" 9 10 14 7 14 5 8 2 7 11 6 11 9 14 13 15 9 9 10 11 11 6 9 7 12 3 9 13 12 10
CH200 E7.0 "052_Group52" 5 5 7 1 9 5 5 5 4 7 12 9 5 6 10 8 10 14 10 7 10 8 13 13 9 14 9 8 7 9
CH202 F7.0 "053_Group53" 9 12 8 6 12 12 7 11 13 6 12 6 9 9 11 14 7 8 16 12 14 12 14 15 11 11 15 14 12 12
CH204 G7.0 "054_Group54" 2 7 9 6 7 7 4 11 7 9 10 13 15 10 7 7 4 3 13 8 12 5 8 11 18 6 7 10 6 12
CH206 H7.0 "055_Group55" 1 5 6 6 3 6 8 8 15 10 17 12 6 6 4 12 11 15 10 8 7 9 14 15 12 8 18 11 13 11
CH224 A8.0 "056_Group56" 9 13 14 10 9 9 8 10 11 11 11 10 12 12 13 9 11 13 13 11 7 11 11 9 15 10 14 12 16 9
CH226 B8.0 "057_Group57" 7 12 16 5 6 5 6 8 9 4 8 13 10 14 17 16 11 16 9 9 13 12 14 12 14 11 11 3 1 2
CH228 C8.0 "058_Group58" 4 7 7 9 5 14 15 11 9 15 10 14 17 14 10 13 12 18 15 20 11 13 6 14 10 16 9 12 9 7
CH230 D8.0 "059_Group59" 5 11 9 19 17 15 12 6 10 13 20 18 11 7 6 11 7 8 12 6 15 13 13 15 12 17 15 12 13 9
CH232 E8.0 "060_Group60" 8 7 3 2 8 10 13 6 11 11 11 23 17 20 11 12 9 14 12 15 17 16 15 14 10 15 14 15 20 10
CH234 F8.0 "061_Group61" 4 16 10 12 12 18 17 14 8 20 8 14 20 20 16 15 14 14 12 15 12 13 13 11 12 14 14 15 15 13
CH236 G8.0 "062_Group62" 4 7 11 9 13 11 13 19 19 17 18 13 16 16 13 8 9 10 9 12 14 14 12 15 10 8 12 9 9 6
CH238 H8.0 "063_Group63" 6 11 14 8 14 15 12 11 17 11 14 9 14 13 12 13 12 15 2 10 11 18 14 17 14 13 16 16 12 10
CH256 A9.0 "064_Group64" 8 2 2 0 4 11 12 4 2 0 2 6 9 8 8 8 7 9 8 8 9 8 5 8 7 8 18 11 7 13
CH258 B9.0 "065_Group65" 5 6 10 16 11 3 0 5 4 7 3 5 5 7 3 13 12 8 10 10 6 13 9 8 9 9 6 5 13 9
CH260 C9.0 "066_Group66" 13 13 13 7 3 2 3 4 6 3 6 2 5 4 12 12 10 6 13 15 10 9 9 14 22 20 11 14 14 17
CH262 D9.0 "067_Group67" 3 2 2 13 14 6 11 9 11 12 7 7 6 7 12 10 12 8 2 3 7 8 7 6 11 13 11 13 10 7
CH264 E9.0 "068_Group68" 5 14 6 7 8 4 4 8 17 7 8 13 15 9 10 9 10 7 1 9 8 8 14 18 13 17 18 15 15 8
CH266 F9.0 "069_Group69" 3 7 5 3 6 6 10 6 5 3 15 8 4 5 8 9 24 20 8 12 9 8 15 12 9 7 9 11 6 8
CH268 G9.0 "070_Group70" 11 3 5 5 2 0 1 3 6 9 7 6 7 4 6 11 13 15 7 8 6 10 6 7 11 10 10 7 8 14
CH270 H9.0 "071_Group71" 6 4 3 4 7 3 4 4 10 10 18 17 11 10 6 3 11 5 13 11 14 13 13 20 18 7 19 14 19 11
CH288 A10.0 "072_Group72" 17 11 14 8 14 14 8 15 5 6 4 8 3 8 11 14 9 13 14 15 7 9 7 5 8 6 13 13 10 9
CH290 B10.0 "073_Group73" 2 3 6 4 4 2 7 0 0 4 1 2 8 8 12 4 18 4 5 11 14 12 5 7 10 13 6 7 6 9
CH292 C10.0 "074_Group74" 9 13 15 18 11 9 12 14 4 7 12 10 8 8 7 18 13 9 9 14 10 5 5 9 18 13 10 7 11 12
CH294 D10.0 "075_Group75" 12 14 7 10 10 11 5 7 2 10 6 15 14 7 4 4 15 14 9 22 17 7 7 9 3 6 13 8 9 12
CH296 E10.0 "076_Group76" 10 15 14 1 10 8 5 2 1 4 10 14 6 13 9 8 4 10 5 9 8 20 4 7 12 17 11 15 10 13
CH298 F10.0 "077_Group77" 2 13 6 2 8 9 6 13 8 5 6 3 15 11 10 8 12 17 10 11 12 16 14 16 13 10 9 12 6 13
CH300 G10.0 "078_Group78" 4 10 5 11 7 8 5 9 11 9 1 11 3 3 3 7 13 14 15 18 14 15 14 17 9 10 6 9 15 15
CH302 H10.0 "079_Group79" 8 12 9 8 7 10 14 3 7 7 3 5 1 0 2 6 11 14 14 16 15 12 10 11 14 10 10 19 9 8
CH320 A11.0 "080_Group80" 5 6 7 0 8 3 1 0 0 0 5 7 2 3 6 8 23 13 11 7 8 13 14 8 10 9 14 12 10 9
CH322 B11.0 "081_Group81" 16 12 14 10 14 1 5 6 0 6 5 1 9 14 7 10 7 10 9 17 7 8 9 10 12 8 9 16 11 9
CH324 C11.0 "082_Group82" 28 21 15 18 11 20 17 13 17 8 6 7 19 5 4 10 10 15 11 24 30 22 17 15 14 14 14 22 12 9
CH326 D11.0 "083_Group83" 6 7 9 7 5 5 8 14 2 10 2 5 9 4 10 10 7 9 8 9 14 13 14 7 10 20 18 14 21 16
CH328 E11.0 "084_Group84" 6 14 12 9 9 5 2 7 2 21 19 14 8 11 1 8 2 5 11 10 8 7 5 8 11 9 9 16 14 12
CH330 F11.0 "085_Group85" 11 15 5 4 5 11 6 14 13 10 11 9 10 10 11 5 13 9 10 12 12 12 7 14 15 10 13 10 9 12
CH332 G11.0 "086_Group86" 5 10 5 3 6 11 4 6 16 14 5 9 9 6 7 13 12 14 14 8 9 16 14 6 21 10 16 14 15 15
CH334 H11.0 "087_Group87" 0 1 1 0 3 3 18 6 5 5 4 3 5 9 10 7 10 10 13 8 12 16 12 11 13 16 13 18 21 10
CH352 A12.0 "088_Group88" 9 11 10 11 12 14 11 8 9 17 8 15 12 16 11 10 10 5 14 14 13 8 14 7 8 13 10 10 12 9
CH354 B12.0 "089_Group89" 0 0 2 1 11 5 4 6 3 13 8 18 13 11 23 11 2 6 8 13 11 13 8 3 12 9 12 17 18 10
CH356 C12.0 "090_Group90" 12 10 10 14 8 9 8 7 12 18 14 14 5 16 12 9 11 8 17 2 7 14 16 18 9 7 15 14 14 9
CH358 D12.0 "091_Group91" 7 9 13 5 11 8 6 11 6 9 8 14 18 17 19 21 13 8 17 13 6 8 10 14 12 13 15 5 10 11
CH360 E12.0 "092_Group92" 7 7 8 4 11 9 7 6 5 15 9 11 11 13 8 17 15 10 10 5 13 11 13 14 13 12 17 14 9 5
CH362 F12.0 "093_Group93" 9 2 3 1 4 11 10 7 17 13 13 11 10 12 11 4 7 10 8 8 12 20 10 9 8 7 11 5 10 9
CH364 G12.0 "094_Group94" 11 9 1 7 6 9 9 10 16 17 15 8 10 13 9 5 9 11 6 12 8 15 6 9 12 9 7 4 8 6
CH366 H12.0 "095_Group95" 4 1 4 7 5 6 14 11 13 8 10 7 7 3 5 3 7 8 9 6 13 11 4 6 6 6 2 3 5 6
