"DATE:" "3/5/2015 6:03:54 PM"
"FILE:" "C:\Users\AndersenLab\Desktop\wmicrotracker\p00011\20150305_1702"
"SUBPROJECT:" "20150305_praziquantel"

"<<<<<< Group Activity: Average Activity Counts per Data Interval>>>>>>"
Group/Time[m] 2 4 6 8 10 12 14 16 18 20 22 24 26 28 30 32 34 36 38 40 42 44 46 48 50 52 54 56 58 60
"000_Group0" 27 13 9 18 13 24 27 30 33 23 25 36 27 26 25 15 23 24 22 22 17 27 30 31 24 28 23 20 27 23
"001_Group1" 27 21 23 28 20 23 28 19 33 26 19 21 24 25 19 27 32 20 26 30 20 18 18 27 24 23 14 25 25 20
"002_Group2" 31 28 18 26 25 23 24 29 24 25 29 31 25 20 28 34 30 26 28 30 33 22 27 26 39 20 35 32 23 25
"003_Group3" 41 33 16 24 20 20 16 28 24 38 27 30 24 28 23 25 28 24 27 27 30 26 31 27 29 33 29 25 30 26
"004_Group4" 27 29 33 24 24 24 27 24 26 34 41 21 26 26 31 22 24 21 28 25 22 24 23 28 26 33 25 21 24 17
"005_Group5" 15 29 29 22 23 21 25 30 33 26 30 24 28 25 26 20 26 21 23 21 29 26 22 26 24 34 37 23 19 14
"006_Group6" 22 25 28 19 41 23 23 21 24 21 25 31 25 22 23 33 22 39 30 24 22 26 29 32 28 24 22 26 30 27
"007_Group7" 24 23 27 25 27 34 28 22 25 30 26 33 19 28 26 27 18 30 38 25 27 30 26 28 25 24 36 27 27 18
"008_Group8" 22 24 24 25 28 21 19 13 25 17 35 25 29 26 25 25 32 30 25 31 22 30 22 21 19 22 21 22 25 20
"009_Group9" 21 28 27 26 20 23 22 28 23 24 19 18 25 28 16 23 21 20 16 23 30 39 29 27 25 28 25 25 30 27
"010_Group10" 21 28 28 32 30 27 29 32 25 22 19 27 32 31 31 28 20 24 12 19 27 26 24 20 21 26 17 17 31 24
"011_Group11" 22 27 28 28 29 27 24 24 17 15 34 27 37 26 23 16 19 26 24 21 19 29 21 26 23 27 24 21 15 15
"012_Group12" 20 22 24 32 26 26 22 23 24 17 22 17 21 29 37 20 16 22 29 25 22 24 26 25 23 26 20 17 23 28
"013_Group13" 22 32 26 23 30 24 23 17 21 21 22 24 25 34 24 15 16 20 19 25 32 24 26 23 29 26 24 21 25 22
"014_Group14" 15 26 17 35 25 29 25 32 18 13 22 22 17 23 18 31 26 30 21 23 14 31 38 22 15 27 25 18 24 10
"015_Group15" 26 29 37 33 29 33 34 38 27 26 29 33 27 26 29 26 25 21 23 28 21 20 28 27 23 24 26 18 23 21
"016_Group16" 25 8 5 14 6 31 35 36 29 16 19 19 32 23 35 29 24 22 31 36 31 31 27 26 15 14 21 21 27 23
"017_Group17" 31 39 37 18 27 19 28 22 28 24 36 19 36 34 35 29 29 33 32 30 36 27 45 30 35 18 30 33 21 23
"018_Group18" 24 10 28 18 30 14 22 25 34 33 38 46 38 34 28 39 32 33 37 30 21 34 32 24 25 36 38 40 28 23
"019_Group19" 9 20 26 31 21 29 30 33 30 29 36 39 38 36 37 31 34 37 32 26 32 40 35 23 22 26 27 30 29 44
"020_Group20" 37 41 37 35 28 32 38 30 39 46 23 30 34 43 42 30 32 29 28 26 27 37 28 27 24 24 30 29 26 15
"021_Group21" 35 45 52 38 28 42 30 29 34 39 41 25 30 38 37 34 41 34 37 37 24 25 31 42 37 43 37 24 26 31
"022_Group22" 15 45 37 28 30 31 28 34 41 38 32 34 35 30 22 30 28 26 27 21 21 37 45 19 29 31 31 27 35 38
"023_Group23" 18 13 30 31 31 34 32 28 24 27 31 32 30 37 34 31 42 45 43 38 35 40 40 26 20 26 23 25 29 32
"024_Group24" 9 21 32 36 33 22 20 26 28 24 20 22 18 29 28 25 23 30 23 31 22 19 28 25 19 29 26 24 22 17
"025_Group25" 25 28 30 30 28 21 17 18 22 17 21 27 19 14 25 25 14 27 24 10 15 28 27 25 16 23 21 20 31 21
"026_Group26" 19 17 29 27 29 33 27 22 21 25 20 24 23 29 28 34 26 17 32 26 27 22 36 29 24 16 22 20 22 19
"027_Group27" 30 19 26 20 23 21 21 32 30 28 24 23 26 31 20 17 21 23 23 14 17 33 24 18 22 18 27 19 27 24
"028_Group28" 14 22 24 23 12 17 22 24 27 28 26 16 15 21 20 11 11 29 28 24 35 17 18 29 26 20 24 18 22 21
"029_Group29" 28 34 28 26 26 29 22 9 16 20 20 25 20 20 21 25 20 22 25 24 29 24 27 32 26 20 19 21 18 20
"030_Group30" 20 28 25 34 25 22 24 11 19 30 24 24 24 26 26 24 26 25 19 38 37 27 28 25 29 22 30 24 21 18
"031_Group31" 19 24 23 29 22 23 28 21 24 17 19 24 24 27 28 28 19 18 15 20 22 19 16 21 26 17 17 20 22 20
"032_Group32" 14 34 37 21 28 35 25 21 21 26 26 38 41 33 35 37 40 23 34 33 25 30 24 35 35 33 35 35 22 29
"033_Group33" 33 28 25 24 21 20 19 25 42 39 27 32 34 23 35 41 39 33 29 36 32 17 11 22 24 28 29 26 30 17
"034_Group34" 37 38 14 19 7 15 25 22 28 35 37 28 22 32 34 39 29 40 32 37 38 28 27 33 34 35 54 41 37 36
"035_Group35" 16 31 23 34 34 25 40 35 27 38 34 36 40 40 36 41 34 30 29 32 33 31 25 38 39 30 27 28 31 39
"036_Group36" 32 27 32 33 37 38 38 38 32 34 36 38 26 31 28 36 33 29 41 27 39 30 24 23 33 28 26 36 44 32
"037_Group37" 25 42 32 29 36 32 29 39 34 43 53 37 27 37 42 42 34 35 38 27 32 29 32 38 39 29 33 31 37 29
"038_Group38" 22 13 3 23 24 17 37 42 32 31 29 37 46 48 35 27 28 33 31 39 39 30 36 41 25 22 38 32 26 19
"039_Group39" 12 34 19 26 12 14 35 35 35 32 37 35 42 38 35 45 35 29 26 29 27 42 36 30 27 25 37 21 25 21
"040_Group40" 27 13 19 18 21 18 30 20 16 16 27 17 22 19 18 25 25 27 14 20 23 32 17 18 20 25 32 25 32 21
"041_Group41" 32 36 24 23 28 21 24 36 29 23 16 26 28 28 23 19 25 35 19 10 29 26 24 21 21 23 20 26 27 29
"042_Group42" 36 38 30 38 28 28 30 28 23 21 34 23 21 25 23 24 20 16 31 19 22 29 22 24 18 24 28 14 15 13
"043_Group43" 8 15 26 25 27 19 27 26 27 28 26 27 28 25 31 20 25 37 17 19 31 19 24 28 16 25 19 29 28 24
"044_Group44" 20 25 29 30 27 36 19 27 26 40 24 26 17 28 23 20 24 36 27 25 30 28 28 22 23 25 34 26 20 34
"045_Group45" 39 27 34 25 28 31 27 31 32 27 21 39 29 25 24 40 28 26 27 23 29 31 30 32 27 27 18 25 21 29
"046_Group46" 16 27 27 20 20 37 34 28 30 26 19 25 25 16 20 25 21 23 26 28 27 36 27 22 25 22 28 30 28 26
"047_Group47" 13 32 24 28 27 18 30 22 19 36 22 25 22 30 25 31 21 23 23 23 33 36 34 22 28 21 22 17 19 20
"048_Group48" 27 21 18 4 16 22 16 35 37 32 31 29 29 30 26 18 25 25 21 22 24 23 24 23 20 18 26 31 25 31
"049_Group49" 38 42 22 22 25 20 30 29 22 28 27 31 27 18 21 26 20 19 22 37 33 32 22 24 23 17 22 33 20 22
"050_Group50" 36 44 39 47 42 26 28 32 31 36 28 23 32 29 29 22 27 20 14 7 23 22 17 21 27 32 25 26 27 22
"051_Group51" 23 27 16 14 22 25 26 31 26 21 20 19 26 17 24 25 22 29 21 31 21 19 29 26 31 27 32 26 23 16
"052_Group52" 30 33 22 28 23 18 37 26 22 21 18 22 31 23 22 24 21 20 27 22 16 16 24 29 26 31 19 19 29 31
"053_Group53" 29 23 33 29 36 36 29 28 23 30 31 28 31 35 30 32 28 26 26 22 33 17 34 25 28 28 33 23 27 25
"054_Group54" 27 18 29 27 27 21 26 35 32 28 33 29 24 23 32 20 20 30 29 29 28 28 23 24 25 29 29 22 29 23
"055_Group55" 24 30 27 15 34 32 24 26 18 18 25 25 24 35 24 27 33 35 22 35 26 29 35 25 25 26 27 23 25 28
"056_Group56" 18 32 31 18 32 33 30 23 23 30 28 27 25 20 18 23 25 25 25 20 17 23 28 28 27 10 18 15 17 12
"057_Group57" 5 19 26 35 31 32 29 26 25 24 20 31 21 14 17 15 23 22 22 21 19 22 12 23 23 22 20 24 18 26
"058_Group58" 30 37 25 24 18 24 26 26 20 24 28 22 27 27 21 18 19 27 15 35 22 26 22 25 14 20 13 23 26 13
"059_Group59" 29 37 31 30 23 30 24 24 22 30 16 19 29 27 21 34 33 19 18 24 24 20 17 25 29 22 32 18 27 17
"060_Group60" 20 18 20 27 27 29 27 27 29 22 25 28 39 30 25 17 32 35 26 30 28 17 28 43 38 30 31 33 26 21
"061_Group61" 19 28 23 32 19 19 13 20 27 30 19 28 33 29 38 25 19 30 20 20 21 18 16 18 18 20 26 22 23 25
"062_Group62" 17 24 28 34 27 26 33 30 16 25 31 26 31 27 17 24 30 38 25 27 25 18 32 23 24 26 16 17 23 30
"063_Group63" 20 32 21 17 31 34 23 31 25 24 24 30 12 21 21 23 17 15 22 30 28 31 26 27 27 24 24 32 21 25
"064_Group64" 20 27 24 21 29 34 27 26 14 26 24 19 28 29 27 16 26 22 18 10 23 25 21 26 31 24 26 26 33 22
"065_Group65" 25 17 25 21 29 31 19 27 27 26 21 21 23 26 25 31 21 22 11 21 29 27 24 19 22 20 19 16 16 14
"066_Group66" 19 35 33 19 26 27 20 23 28 24 24 31 26 36 18 26 14 27 34 35 33 24 17 32 31 34 38 26 20 28
"067_Group67" 32 26 27 15 23 32 34 40 34 42 30 32 23 23 25 27 31 29 31 28 32 29 29 32 36 21 32 25 19 17
"068_Group68" 26 19 24 17 30 23 19 16 20 21 26 21 21 25 20 23 27 37 26 28 35 31 25 23 27 29 30 30 31 15
"069_Group69" 25 32 25 11 21 32 25 33 29 25 28 21 40 39 28 19 31 30 36 31 39 25 33 27 32 30 25 24 24 17
"070_Group70" 21 17 19 17 31 26 31 24 26 20 14 25 26 26 26 23 28 29 31 30 23 19 21 28 34 26 28 27 23 40
"071_Group71" 26 31 30 17 10 25 25 20 26 34 35 39 43 32 28 34 37 33 43 34 27 33 20 34 22 32 33 21 24 25
"072_Group72" 21 14 30 22 32 40 46 33 37 20 16 32 32 29 28 29 39 19 36 43 37 32 22 32 34 35 30 27 27 35
"073_Group73" 28 34 34 17 25 31 33 29 15 14 33 28 30 21 34 37 26 30 16 28 24 25 34 26 36 28 25 30 22 17
"074_Group74" 23 9 20 31 18 29 31 39 37 42 38 36 38 37 28 35 28 30 32 25 32 33 31 27 29 30 23 26 23 34
"075_Group75" 13 15 27 19 22 29 41 44 37 31 35 34 27 34 26 27 27 35 34 24 34 29 22 34 23 34 34 35 38 41
"076_Group76" 21 16 7 11 25 20 17 19 28 34 33 23 31 38 27 25 28 20 28 25 40 30 30 28 15 20 21 23 35 17
"077_Group77" 24 19 31 11 20 36 20 22 34 23 38 18 32 51 24 37 41 36 36 34 29 36 24 32 30 37 38 28 33 18
"078_Group78" 14 34 32 33 32 40 39 20 28 26 27 26 23 21 29 25 43 34 33 39 25 41 44 37 37 29 34 16 26 31
"079_Group79" 26 22 21 27 29 23 42 37 32 28 25 26 29 37 36 34 31 27 33 42 41 39 33 24 23 31 24 32 19 16
"080_Group80" 24 17 22 21 26 20 28 34 17 27 27 23 23 19 22 23 23 18 27 21 21 11 23 24 30 27 29 24 28 15
"081_Group81" 31 27 31 32 22 31 18 32 31 25 23 28 33 30 22 21 10 15 19 20 32 38 26 21 20 19 28 27 22 22
"082_Group82" 31 27 34 30 27 22 32 21 34 24 30 38 30 23 19 24 27 32 18 18 19 27 26 26 23 16 23 25 27 18
"083_Group83" 31 26 34 29 28 24 25 25 20 23 33 27 22 25 23 23 23 32 26 27 23 20 26 27 24 23 11 30 21 19
"084_Group84" 21 22 22 27 23 21 23 24 19 27 23 23 25 28 23 21 21 18 26 30 21 21 17 21 21 20 18 19 22 21
"085_Group85" 23 28 22 33 22 22 34 24 27 26 30 28 12 18 23 29 20 18 26 23 18 26 32 23 20 18 30 27 31 23
"086_Group86" 26 24 26 30 32 29 25 32 19 22 31 23 25 23 29 28 28 18 24 38 32 29 23 20 26 23 27 24 17 14
"087_Group87" 32 27 25 28 18 13 17 19 28 24 22 29 28 23 27 25 27 19 24 19 34 32 27 20 16 26 13 18 16 18
"088_Group88" 21 36 33 30 25 28 28 20 21 29 22 16 27 17 21 27 26 18 28 25 24 20 24 25 25 22 18 30 22 14
"089_Group89" 32 31 27 24 21 22 22 32 25 25 22 32 26 29 30 23 21 20 26 27 29 16 29 26 26 20 33 26 23 18
"090_Group90" 31 36 24 25 23 27 26 29 31 26 27 30 26 28 23 23 29 32 22 26 26 12 29 23 33 29 19 19 18 25
"091_Group91" 24 32 26 24 23 29 30 38 25 27 28 20 25 29 30 24 23 21 15 27 21 25 25 29 32 27 26 23 24 27
"092_Group92" 26 18 19 11 28 25 24 33 37 33 29 35 34 16 34 28 24 15 17 14 15 16 25 25 21 30 27 29 24 24
"093_Group93" 26 39 33 36 33 28 35 23 25 32 32 23 23 34 30 33 28 28 30 26 21 13 23 26 24 28 20 25 26 20
"094_Group94" 28 39 32 23 24 29 30 25 26 26 29 32 36 23 23 26 32 32 31 31 33 27 25 21 24 25 29 24 23 18
"095_Group95" 24 26 21 24 34 16 25 32 27 29 24 31 31 22 21 21 28 17 21 22 32 23 26 21 21 24 15 23 27 20

"<<<<<< Group Activity: Number of wells/group >>>>>>"
Group/Time[m] 2 4 6 8 10 12 14 16 18 20 22 24 26 28 30 32 34 36 38 40 42 44 46 48 50 52 54 56 58 60
"000_Group0" 1 1 1 1 1 1 1 1 1 1 1 1 1 1 1 1 1 1 1 1 1 1 1 1 1 1 1 1 1 1
"001_Group1" 1 1 1 1 1 1 1 1 1 1 1 1 1 1 1 1 1 1 1 1 1 1 1 1 1 1 1 1 1 1
"002_Group2" 1 1 1 1 1 1 1 1 1 1 1 1 1 1 1 1 1 1 1 1 1 1 1 1 1 1 1 1 1 1
"003_Group3" 1 1 1 1 1 1 1 1 1 1 1 1 1 1 1 1 1 1 1 1 1 1 1 1 1 1 1 1 1 1
"004_Group4" 1 1 1 1 1 1 1 1 1 1 1 1 1 1 1 1 1 1 1 1 1 1 1 1 1 1 1 1 1 1
"005_Group5" 1 1 1 1 1 1 1 1 1 1 1 1 1 1 1 1 1 1 1 1 1 1 1 1 1 1 1 1 1 1
"006_Group6" 1 1 1 1 1 1 1 1 1 1 1 1 1 1 1 1 1 1 1 1 1 1 1 1 1 1 1 1 1 1
"007_Group7" 1 1 1 1 1 1 1 1 1 1 1 1 1 1 1 1 1 1 1 1 1 1 1 1 1 1 1 1 1 1
"008_Group8" 1 1 1 1 1 1 1 1 1 1 1 1 1 1 1 1 1 1 1 1 1 1 1 1 1 1 1 1 1 1
"009_Group9" 1 1 1 1 1 1 1 1 1 1 1 1 1 1 1 1 1 1 1 1 1 1 1 1 1 1 1 1 1 1
"010_Group10" 1 1 1 1 1 1 1 1 1 1 1 1 1 1 1 1 1 1 1 1 1 1 1 1 1 1 1 1 1 1
"011_Group11" 1 1 1 1 1 1 1 1 1 1 1 1 1 1 1 1 1 1 1 1 1 1 1 1 1 1 1 1 1 1
"012_Group12" 1 1 1 1 1 1 1 1 1 1 1 1 1 1 1 1 1 1 1 1 1 1 1 1 1 1 1 1 1 1
"013_Group13" 1 1 1 1 1 1 1 1 1 1 1 1 1 1 1 1 1 1 1 1 1 1 1 1 1 1 1 1 1 1
"014_Group14" 1 1 1 1 1 1 1 1 1 1 1 1 1 1 1 1 1 1 1 1 1 1 1 1 1 1 1 1 1 1
"015_Group15" 1 1 1 1 1 1 1 1 1 1 1 1 1 1 1 1 1 1 1 1 1 1 1 1 1 1 1 1 1 1
"016_Group16" 1 1 1 1 1 1 1 1 1 1 1 1 1 1 1 1 1 1 1 1 1 1 1 1 1 1 1 1 1 1
"017_Group17" 1 1 1 1 1 1 1 1 1 1 1 1 1 1 1 1 1 1 1 1 1 1 1 1 1 1 1 1 1 1
"018_Group18" 1 1 1 1 1 1 1 1 1 1 1 1 1 1 1 1 1 1 1 1 1 1 1 1 1 1 1 1 1 1
"019_Group19" 1 1 1 1 1 1 1 1 1 1 1 1 1 1 1 1 1 1 1 1 1 1 1 1 1 1 1 1 1 1
"020_Group20" 1 1 1 1 1 1 1 1 1 1 1 1 1 1 1 1 1 1 1 1 1 1 1 1 1 1 1 1 1 1
"021_Group21" 1 1 1 1 1 1 1 1 1 1 1 1 1 1 1 1 1 1 1 1 1 1 1 1 1 1 1 1 1 1
"022_Group22" 1 1 1 1 1 1 1 1 1 1 1 1 1 1 1 1 1 1 1 1 1 1 1 1 1 1 1 1 1 1
"023_Group23" 1 1 1 1 1 1 1 1 1 1 1 1 1 1 1 1 1 1 1 1 1 1 1 1 1 1 1 1 1 1
"024_Group24" 1 1 1 1 1 1 1 1 1 1 1 1 1 1 1 1 1 1 1 1 1 1 1 1 1 1 1 1 1 1
"025_Group25" 1 1 1 1 1 1 1 1 1 1 1 1 1 1 1 1 1 1 1 1 1 1 1 1 1 1 1 1 1 1
"026_Group26" 1 1 1 1 1 1 1 1 1 1 1 1 1 1 1 1 1 1 1 1 1 1 1 1 1 1 1 1 1 1
"027_Group27" 1 1 1 1 1 1 1 1 1 1 1 1 1 1 1 1 1 1 1 1 1 1 1 1 1 1 1 1 1 1
"028_Group28" 1 1 1 1 1 1 1 1 1 1 1 1 1 1 1 1 1 1 1 1 1 1 1 1 1 1 1 1 1 1
"029_Group29" 1 1 1 1 1 1 1 1 1 1 1 1 1 1 1 1 1 1 1 1 1 1 1 1 1 1 1 1 1 1
"030_Group30" 1 1 1 1 1 1 1 1 1 1 1 1 1 1 1 1 1 1 1 1 1 1 1 1 1 1 1 1 1 1
"031_Group31" 1 1 1 1 1 1 1 1 1 1 1 1 1 1 1 1 1 1 1 1 1 1 1 1 1 1 1 1 1 1
"032_Group32" 1 1 1 1 1 1 1 1 1 1 1 1 1 1 1 1 1 1 1 1 1 1 1 1 1 1 1 1 1 1
"033_Group33" 1 1 1 1 1 1 1 1 1 1 1 1 1 1 1 1 1 1 1 1 1 1 1 1 1 1 1 1 1 1
"034_Group34" 1 1 1 1 1 1 1 1 1 1 1 1 1 1 1 1 1 1 1 1 1 1 1 1 1 1 1 1 1 1
"035_Group35" 1 1 1 1 1 1 1 1 1 1 1 1 1 1 1 1 1 1 1 1 1 1 1 1 1 1 1 1 1 1
"036_Group36" 1 1 1 1 1 1 1 1 1 1 1 1 1 1 1 1 1 1 1 1 1 1 1 1 1 1 1 1 1 1
"037_Group37" 1 1 1 1 1 1 1 1 1 1 1 1 1 1 1 1 1 1 1 1 1 1 1 1 1 1 1 1 1 1
"038_Group38" 1 1 1 1 1 1 1 1 1 1 1 1 1 1 1 1 1 1 1 1 1 1 1 1 1 1 1 1 1 1
"039_Group39" 1 1 1 1 1 1 1 1 1 1 1 1 1 1 1 1 1 1 1 1 1 1 1 1 1 1 1 1 1 1
"040_Group40" 1 1 1 1 1 1 1 1 1 1 1 1 1 1 1 1 1 1 1 1 1 1 1 1 1 1 1 1 1 1
"041_Group41" 1 1 1 1 1 1 1 1 1 1 1 1 1 1 1 1 1 1 1 1 1 1 1 1 1 1 1 1 1 1
"042_Group42" 1 1 1 1 1 1 1 1 1 1 1 1 1 1 1 1 1 1 1 1 1 1 1 1 1 1 1 1 1 1
"043_Group43" 1 1 1 1 1 1 1 1 1 1 1 1 1 1 1 1 1 1 1 1 1 1 1 1 1 1 1 1 1 1
"044_Group44" 1 1 1 1 1 1 1 1 1 1 1 1 1 1 1 1 1 1 1 1 1 1 1 1 1 1 1 1 1 1
"045_Group45" 1 1 1 1 1 1 1 1 1 1 1 1 1 1 1 1 1 1 1 1 1 1 1 1 1 1 1 1 1 1
"046_Group46" 1 1 1 1 1 1 1 1 1 1 1 1 1 1 1 1 1 1 1 1 1 1 1 1 1 1 1 1 1 1
"047_Group47" 1 1 1 1 1 1 1 1 1 1 1 1 1 1 1 1 1 1 1 1 1 1 1 1 1 1 1 1 1 1
"048_Group48" 1 1 1 1 1 1 1 1 1 1 1 1 1 1 1 1 1 1 1 1 1 1 1 1 1 1 1 1 1 1
"049_Group49" 1 1 1 1 1 1 1 1 1 1 1 1 1 1 1 1 1 1 1 1 1 1 1 1 1 1 1 1 1 1
"050_Group50" 1 1 1 1 1 1 1 1 1 1 1 1 1 1 1 1 1 1 1 1 1 1 1 1 1 1 1 1 1 1
"051_Group51" 1 1 1 1 1 1 1 1 1 1 1 1 1 1 1 1 1 1 1 1 1 1 1 1 1 1 1 1 1 1
"052_Group52" 1 1 1 1 1 1 1 1 1 1 1 1 1 1 1 1 1 1 1 1 1 1 1 1 1 1 1 1 1 1
"053_Group53" 1 1 1 1 1 1 1 1 1 1 1 1 1 1 1 1 1 1 1 1 1 1 1 1 1 1 1 1 1 1
"054_Group54" 1 1 1 1 1 1 1 1 1 1 1 1 1 1 1 1 1 1 1 1 1 1 1 1 1 1 1 1 1 1
"055_Group55" 1 1 1 1 1 1 1 1 1 1 1 1 1 1 1 1 1 1 1 1 1 1 1 1 1 1 1 1 1 1
"056_Group56" 1 1 1 1 1 1 1 1 1 1 1 1 1 1 1 1 1 1 1 1 1 1 1 1 1 1 1 1 1 1
"057_Group57" 1 1 1 1 1 1 1 1 1 1 1 1 1 1 1 1 1 1 1 1 1 1 1 1 1 1 1 1 1 1
"058_Group58" 1 1 1 1 1 1 1 1 1 1 1 1 1 1 1 1 1 1 1 1 1 1 1 1 1 1 1 1 1 1
"059_Group59" 1 1 1 1 1 1 1 1 1 1 1 1 1 1 1 1 1 1 1 1 1 1 1 1 1 1 1 1 1 1
"060_Group60" 1 1 1 1 1 1 1 1 1 1 1 1 1 1 1 1 1 1 1 1 1 1 1 1 1 1 1 1 1 1
"061_Group61" 1 1 1 1 1 1 1 1 1 1 1 1 1 1 1 1 1 1 1 1 1 1 1 1 1 1 1 1 1 1
"062_Group62" 1 1 1 1 1 1 1 1 1 1 1 1 1 1 1 1 1 1 1 1 1 1 1 1 1 1 1 1 1 1
"063_Group63" 1 1 1 1 1 1 1 1 1 1 1 1 1 1 1 1 1 1 1 1 1 1 1 1 1 1 1 1 1 1
"064_Group64" 1 1 1 1 1 1 1 1 1 1 1 1 1 1 1 1 1 1 1 1 1 1 1 1 1 1 1 1 1 1
"065_Group65" 1 1 1 1 1 1 1 1 1 1 1 1 1 1 1 1 1 1 1 1 1 1 1 1 1 1 1 1 1 1
"066_Group66" 1 1 1 1 1 1 1 1 1 1 1 1 1 1 1 1 1 1 1 1 1 1 1 1 1 1 1 1 1 1
"067_Group67" 1 1 1 1 1 1 1 1 1 1 1 1 1 1 1 1 1 1 1 1 1 1 1 1 1 1 1 1 1 1
"068_Group68" 1 1 1 1 1 1 1 1 1 1 1 1 1 1 1 1 1 1 1 1 1 1 1 1 1 1 1 1 1 1
"069_Group69" 1 1 1 1 1 1 1 1 1 1 1 1 1 1 1 1 1 1 1 1 1 1 1 1 1 1 1 1 1 1
"070_Group70" 1 1 1 1 1 1 1 1 1 1 1 1 1 1 1 1 1 1 1 1 1 1 1 1 1 1 1 1 1 1
"071_Group71" 1 1 1 1 1 1 1 1 1 1 1 1 1 1 1 1 1 1 1 1 1 1 1 1 1 1 1 1 1 1
"072_Group72" 1 1 1 1 1 1 1 1 1 1 1 1 1 1 1 1 1 1 1 1 1 1 1 1 1 1 1 1 1 1
"073_Group73" 1 1 1 1 1 1 1 1 1 1 1 1 1 1 1 1 1 1 1 1 1 1 1 1 1 1 1 1 1 1
"074_Group74" 1 1 1 1 1 1 1 1 1 1 1 1 1 1 1 1 1 1 1 1 1 1 1 1 1 1 1 1 1 1
"075_Group75" 1 1 1 1 1 1 1 1 1 1 1 1 1 1 1 1 1 1 1 1 1 1 1 1 1 1 1 1 1 1
"076_Group76" 1 1 1 1 1 1 1 1 1 1 1 1 1 1 1 1 1 1 1 1 1 1 1 1 1 1 1 1 1 1
"077_Group77" 1 1 1 1 1 1 1 1 1 1 1 1 1 1 1 1 1 1 1 1 1 1 1 1 1 1 1 1 1 1
"078_Group78" 1 1 1 1 1 1 1 1 1 1 1 1 1 1 1 1 1 1 1 1 1 1 1 1 1 1 1 1 1 1
"079_Group79" 1 1 1 1 1 1 1 1 1 1 1 1 1 1 1 1 1 1 1 1 1 1 1 1 1 1 1 1 1 1
"080_Group80" 1 1 1 1 1 1 1 1 1 1 1 1 1 1 1 1 1 1 1 1 1 1 1 1 1 1 1 1 1 1
"081_Group81" 1 1 1 1 1 1 1 1 1 1 1 1 1 1 1 1 1 1 1 1 1 1 1 1 1 1 1 1 1 1
"082_Group82" 1 1 1 1 1 1 1 1 1 1 1 1 1 1 1 1 1 1 1 1 1 1 1 1 1 1 1 1 1 1
"083_Group83" 1 1 1 1 1 1 1 1 1 1 1 1 1 1 1 1 1 1 1 1 1 1 1 1 1 1 1 1 1 1
"084_Group84" 1 1 1 1 1 1 1 1 1 1 1 1 1 1 1 1 1 1 1 1 1 1 1 1 1 1 1 1 1 1
"085_Group85" 1 1 1 1 1 1 1 1 1 1 1 1 1 1 1 1 1 1 1 1 1 1 1 1 1 1 1 1 1 1
"086_Group86" 1 1 1 1 1 1 1 1 1 1 1 1 1 1 1 1 1 1 1 1 1 1 1 1 1 1 1 1 1 1
"087_Group87" 1 1 1 1 1 1 1 1 1 1 1 1 1 1 1 1 1 1 1 1 1 1 1 1 1 1 1 1 1 1
"088_Group88" 1 1 1 1 1 1 1 1 1 1 1 1 1 1 1 1 1 1 1 1 1 1 1 1 1 1 1 1 1 1
"089_Group89" 1 1 1 1 1 1 1 1 1 1 1 1 1 1 1 1 1 1 1 1 1 1 1 1 1 1 1 1 1 1
"090_Group90" 1 1 1 1 1 1 1 1 1 1 1 1 1 1 1 1 1 1 1 1 1 1 1 1 1 1 1 1 1 1
"091_Group91" 1 1 1 1 1 1 1 1 1 1 1 1 1 1 1 1 1 1 1 1 1 1 1 1 1 1 1 1 1 1
"092_Group92" 1 1 1 1 1 1 1 1 1 1 1 1 1 1 1 1 1 1 1 1 1 1 1 1 1 1 1 1 1 1
"093_Group93" 1 1 1 1 1 1 1 1 1 1 1 1 1 1 1 1 1 1 1 1 1 1 1 1 1 1 1 1 1 1
"094_Group94" 1 1 1 1 1 1 1 1 1 1 1 1 1 1 1 1 1 1 1 1 1 1 1 1 1 1 1 1 1 1
"095_Group95" 1 1 1 1 1 1 1 1 1 1 1 1 1 1 1 1 1 1 1 1 1 1 1 1 1 1 1 1 1 1

"<<<<<< Number of Samples per Acquisition Interval [1unit=500values] >>>>>>"
Time[m] 2 4 6 8 10 12 14 16 18 20 22 24 26 28 30 32 34 36 38 40 42 44 46 48 50 52 54 56 58 60 
#Samples 2 2 2 2 2 2 2 2 2 2 2 2 2 2 2 2 2 2 2 2 2 2 2 2 2 2 2 2 2 2 

"<<<<<< Average Temperature [°C] >>>>>>"
Time[m] 2 4 6 8 10 12 14 16 18 20 22 24 26 28 30 32 34 36 38 40 42 44 46 48 50 52 54 56 58 60 
Temp[°C] 20.9 20.9 20.9 20.9 20.9 20.9 20.9 20.9 20.8 20.9 20.8 20.9 20.7 20.8 20.8 20.8 20.8 20.7 20.7 20.7 20.7 20.7 20.7 20.7 20.7 20.7 20.7 20.7 20.7 20.7 

"<<<<<< Well Activity >>>>>>"
Well Group/Time[m] 2 4 6 8 10 12 14 16 18 20 22 24 26 28 30 32 34 36 38 40 42 44 46 48 50 52 54 56 58 60
A1 "000_Group0" 27 13 9 18 13 24 27 30 33 23 25 36 27 26 25 15 23 24 22 22 17 27 30 31 24 28 23 20 27 23
B1 "001_Group1" 27 21 23 28 20 23 28 19 33 26 19 21 24 25 19 27 32 20 26 30 20 18 18 27 24 23 14 25 25 20
C1 "002_Group2" 31 28 18 26 25 23 24 29 24 25 29 31 25 20 28 34 30 26 28 30 33 22 27 26 39 20 35 32 23 25
D1 "003_Group3" 41 33 16 24 20 20 16 28 24 38 27 30 24 28 23 25 28 24 27 27 30 26 31 27 29 33 29 25 30 26
E1 "004_Group4" 27 29 33 24 24 24 27 24 26 34 41 21 26 26 31 22 24 21 28 25 22 24 23 28 26 33 25 21 24 17
F1 "005_Group5" 15 29 29 22 23 21 25 30 33 26 30 24 28 25 26 20 26 21 23 21 29 26 22 26 24 34 37 23 19 14
G1 "006_Group6" 22 25 28 19 41 23 23 21 24 21 25 31 25 22 23 33 22 39 30 24 22 26 29 32 28 24 22 26 30 27
H1 "007_Group7" 24 23 27 25 27 34 28 22 25 30 26 33 19 28 26 27 18 30 38 25 27 30 26 28 25 24 36 27 27 18
A2 "008_Group8" 22 24 24 25 28 21 19 13 25 17 35 25 29 26 25 25 32 30 25 31 22 30 22 21 19 22 21 22 25 20
B2 "009_Group9" 21 28 27 26 20 23 22 28 23 24 19 18 25 28 16 23 21 20 16 23 30 39 29 27 25 28 25 25 30 27
C2 "010_Group10" 21 28 28 32 30 27 29 32 25 22 19 27 32 31 31 28 20 24 12 19 27 26 24 20 21 26 17 17 31 24
D2 "011_Group11" 22 27 28 28 29 27 24 24 17 15 34 27 37 26 23 16 19 26 24 21 19 29 21 26 23 27 24 21 15 15
E2 "012_Group12" 20 22 24 32 26 26 22 23 24 17 22 17 21 29 37 20 16 22 29 25 22 24 26 25 23 26 20 17 23 28
F2 "013_Group13" 22 32 26 23 30 24 23 17 21 21 22 24 25 34 24 15 16 20 19 25 32 24 26 23 29 26 24 21 25 22
G2 "014_Group14" 15 26 17 35 25 29 25 32 18 13 22 22 17 23 18 31 26 30 21 23 14 31 38 22 15 27 25 18 24 10
H2 "015_Group15" 26 29 37 33 29 33 34 38 27 26 29 33 27 26 29 26 25 21 23 28 21 20 28 27 23 24 26 18 23 21
A3 "016_Group16" 25 8 5 14 6 31 35 36 29 16 19 19 32 23 35 29 24 22 31 36 31 31 27 26 15 14 21 21 27 23
B3 "017_Group17" 31 39 37 18 27 19 28 22 28 24 36 19 36 34 35 29 29 33 32 30 36 27 45 30 35 18 30 33 21 23
C3 "018_Group18" 24 10 28 18 30 14 22 25 34 33 38 46 38 34 28 39 32 33 37 30 21 34 32 24 25 36 38 40 28 23
D3 "019_Group19" 9 20 26 31 21 29 30 33 30 29 36 39 38 36 37 31 34 37 32 26 32 40 35 23 22 26 27 30 29 44
E3 "020_Group20" 37 41 37 35 28 32 38 30 39 46 23 30 34 43 42 30 32 29 28 26 27 37 28 27 24 24 30 29 26 15
F3 "021_Group21" 35 45 52 38 28 42 30 29 34 39 41 25 30 38 37 34 41 34 37 37 24 25 31 42 37 43 37 24 26 31
G3 "022_Group22" 15 45 37 28 30 31 28 34 41 38 32 34 35 30 22 30 28 26 27 21 21 37 45 19 29 31 31 27 35 38
H3 "023_Group23" 18 13 30 31 31 34 32 28 24 27 31 32 30 37 34 31 42 45 43 38 35 40 40 26 20 26 23 25 29 32
A4 "024_Group24" 9 21 32 36 33 22 20 26 28 24 20 22 18 29 28 25 23 30 23 31 22 19 28 25 19 29 26 24 22 17
B4 "025_Group25" 25 28 30 30 28 21 17 18 22 17 21 27 19 14 25 25 14 27 24 10 15 28 27 25 16 23 21 20 31 21
C4 "026_Group26" 19 17 29 27 29 33 27 22 21 25 20 24 23 29 28 34 26 17 32 26 27 22 36 29 24 16 22 20 22 19
D4 "027_Group27" 30 19 26 20 23 21 21 32 30 28 24 23 26 31 20 17 21 23 23 14 17 33 24 18 22 18 27 19 27 24
E4 "028_Group28" 14 22 24 23 12 17 22 24 27 28 26 16 15 21 20 11 11 29 28 24 35 17 18 29 26 20 24 18 22 21
F4 "029_Group29" 28 34 28 26 26 29 22 9 16 20 20 25 20 20 21 25 20 22 25 24 29 24 27 32 26 20 19 21 18 20
G4 "030_Group30" 20 28 25 34 25 22 24 11 19 30 24 24 24 26 26 24 26 25 19 38 37 27 28 25 29 22 30 24 21 18
H4 "031_Group31" 19 24 23 29 22 23 28 21 24 17 19 24 24 27 28 28 19 18 15 20 22 19 16 21 26 17 17 20 22 20
A5 "032_Group32" 14 34 37 21 28 35 25 21 21 26 26 38 41 33 35 37 40 23 34 33 25 30 24 35 35 33 35 35 22 29
B5 "033_Group33" 33 28 25 24 21 20 19 25 42 39 27 32 34 23 35 41 39 33 29 36 32 17 11 22 24 28 29 26 30 17
C5 "034_Group34" 37 38 14 19 7 15 25 22 28 35 37 28 22 32 34 39 29 40 32 37 38 28 27 33 34 35 54 41 37 36
D5 "035_Group35" 16 31 23 34 34 25 40 35 27 38 34 36 40 40 36 41 34 30 29 32 33 31 25 38 39 30 27 28 31 39
E5 "036_Group36" 32 27 32 33 37 38 38 38 32 34 36 38 26 31 28 36 33 29 41 27 39 30 24 23 33 28 26 36 44 32
F5 "037_Group37" 25 42 32 29 36 32 29 39 34 43 53 37 27 37 42 42 34 35 38 27 32 29 32 38 39 29 33 31 37 29
G5 "038_Group38" 22 13 3 23 24 17 37 42 32 31 29 37 46 48 35 27 28 33 31 39 39 30 36 41 25 22 38 32 26 19
H5 "039_Group39" 12 34 19 26 12 14 35 35 35 32 37 35 42 38 35 45 35 29 26 29 27 42 36 30 27 25 37 21 25 21
A6 "040_Group40" 27 13 19 18 21 18 30 20 16 16 27 17 22 19 18 25 25 27 14 20 23 32 17 18 20 25 32 25 32 21
B6 "041_Group41" 32 36 24 23 28 21 24 36 29 23 16 26 28 28 23 19 25 35 19 10 29 26 24 21 21 23 20 26 27 29
C6 "042_Group42" 36 38 30 38 28 28 30 28 23 21 34 23 21 25 23 24 20 16 31 19 22 29 22 24 18 24 28 14 15 13
D6 "043_Group43" 8 15 26 25 27 19 27 26 27 28 26 27 28 25 31 20 25 37 17 19 31 19 24 28 16 25 19 29 28 24
E6 "044_Group44" 20 25 29 30 27 36 19 27 26 40 24 26 17 28 23 20 24 36 27 25 30 28 28 22 23 25 34 26 20 34
F6 "045_Group45" 39 27 34 25 28 31 27 31 32 27 21 39 29 25 24 40 28 26 27 23 29 31 30 32 27 27 18 25 21 29
G6 "046_Group46" 16 27 27 20 20 37 34 28 30 26 19 25 25 16 20 25 21 23 26 28 27 36 27 22 25 22 28 30 28 26
H6 "047_Group47" 13 32 24 28 27 18 30 22 19 36 22 25 22 30 25 31 21 23 23 23 33 36 34 22 28 21 22 17 19 20
A7 "048_Group48" 27 21 18 4 16 22 16 35 37 32 31 29 29 30 26 18 25 25 21 22 24 23 24 23 20 18 26 31 25 31
B7 "049_Group49" 38 42 22 22 25 20 30 29 22 28 27 31 27 18 21 26 20 19 22 37 33 32 22 24 23 17 22 33 20 22
C7 "050_Group50" 36 44 39 47 42 26 28 32 31 36 28 23 32 29 29 22 27 20 14 7 23 22 17 21 27 32 25 26 27 22
D7 "051_Group51" 23 27 16 14 22 25 26 31 26 21 20 19 26 17 24 25 22 29 21 31 21 19 29 26 31 27 32 26 23 16
E7 "052_Group52" 30 33 22 28 23 18 37 26 22 21 18 22 31 23 22 24 21 20 27 22 16 16 24 29 26 31 19 19 29 31
F7 "053_Group53" 29 23 33 29 36 36 29 28 23 30 31 28 31 35 30 32 28 26 26 22 33 17 34 25 28 28 33 23 27 25
G7 "054_Group54" 27 18 29 27 27 21 26 35 32 28 33 29 24 23 32 20 20 30 29 29 28 28 23 24 25 29 29 22 29 23
H7 "055_Group55" 24 30 27 15 34 32 24 26 18 18 25 25 24 35 24 27 33 35 22 35 26 29 35 25 25 26 27 23 25 28
A8 "056_Group56" 18 32 31 18 32 33 30 23 23 30 28 27 25 20 18 23 25 25 25 20 17 23 28 28 27 10 18 15 17 12
B8 "057_Group57" 5 19 26 35 31 32 29 26 25 24 20 31 21 14 17 15 23 22 22 21 19 22 12 23 23 22 20 24 18 26
C8 "058_Group58" 30 37 25 24 18 24 26 26 20 24 28 22 27 27 21 18 19 27 15 35 22 26 22 25 14 20 13 23 26 13
D8 "059_Group59" 29 37 31 30 23 30 24 24 22 30 16 19 29 27 21 34 33 19 18 24 24 20 17 25 29 22 32 18 27 17
E8 "060_Group60" 20 18 20 27 27 29 27 27 29 22 25 28 39 30 25 17 32 35 26 30 28 17 28 43 38 30 31 33 26 21
F8 "061_Group61" 19 28 23 32 19 19 13 20 27 30 19 28 33 29 38 25 19 30 20 20 21 18 16 18 18 20 26 22 23 25
G8 "062_Group62" 17 24 28 34 27 26 33 30 16 25 31 26 31 27 17 24 30 38 25 27 25 18 32 23 24 26 16 17 23 30
H8 "063_Group63" 20 32 21 17 31 34 23 31 25 24 24 30 12 21 21 23 17 15 22 30 28 31 26 27 27 24 24 32 21 25
A9 "064_Group64" 20 27 24 21 29 34 27 26 14 26 24 19 28 29 27 16 26 22 18 10 23 25 21 26 31 24 26 26 33 22
B9 "065_Group65" 25 17 25 21 29 31 19 27 27 26 21 21 23 26 25 31 21 22 11 21 29 27 24 19 22 20 19 16 16 14
C9 "066_Group66" 19 35 33 19 26 27 20 23 28 24 24 31 26 36 18 26 14 27 34 35 33 24 17 32 31 34 38 26 20 28
D9 "067_Group67" 32 26 27 15 23 32 34 40 34 42 30 32 23 23 25 27 31 29 31 28 32 29 29 32 36 21 32 25 19 17
E9 "068_Group68" 26 19 24 17 30 23 19 16 20 21 26 21 21 25 20 23 27 37 26 28 35 31 25 23 27 29 30 30 31 15
F9 "069_Group69" 25 32 25 11 21 32 25 33 29 25 28 21 40 39 28 19 31 30 36 31 39 25 33 27 32 30 25 24 24 17
G9 "070_Group70" 21 17 19 17 31 26 31 24 26 20 14 25 26 26 26 23 28 29 31 30 23 19 21 28 34 26 28 27 23 40
H9 "071_Group71" 26 31 30 17 10 25 25 20 26 34 35 39 43 32 28 34 37 33 43 34 27 33 20 34 22 32 33 21 24 25
A10 "072_Group72" 21 14 30 22 32 40 46 33 37 20 16 32 32 29 28 29 39 19 36 43 37 32 22 32 34 35 30 27 27 35
B10 "073_Group73" 28 34 34 17 25 31 33 29 15 14 33 28 30 21 34 37 26 30 16 28 24 25 34 26 36 28 25 30 22 17
C10 "074_Group74" 23 9 20 31 18 29 31 39 37 42 38 36 38 37 28 35 28 30 32 25 32 33 31 27 29 30 23 26 23 34
D10 "075_Group75" 13 15 27 19 22 29 41 44 37 31 35 34 27 34 26 27 27 35 34 24 34 29 22 34 23 34 34 35 38 41
E10 "076_Group76" 21 16 7 11 25 20 17 19 28 34 33 23 31 38 27 25 28 20 28 25 40 30 30 28 15 20 21 23 35 17
F10 "077_Group77" 24 19 31 11 20 36 20 22 34 23 38 18 32 51 24 37 41 36 36 34 29 36 24 32 30 37 38 28 33 18
G10 "078_Group78" 14 34 32 33 32 40 39 20 28 26 27 26 23 21 29 25 43 34 33 39 25 41 44 37 37 29 34 16 26 31
H10 "079_Group79" 26 22 21 27 29 23 42 37 32 28 25 26 29 37 36 34 31 27 33 42 41 39 33 24 23 31 24 32 19 16
A11 "080_Group80" 24 17 22 21 26 20 28 34 17 27 27 23 23 19 22 23 23 18 27 21 21 11 23 24 30 27 29 24 28 15
B11 "081_Group81" 31 27 31 32 22 31 18 32 31 25 23 28 33 30 22 21 10 15 19 20 32 38 26 21 20 19 28 27 22 22
C11 "082_Group82" 31 27 34 30 27 22 32 21 34 24 30 38 30 23 19 24 27 32 18 18 19 27 26 26 23 16 23 25 27 18
D11 "083_Group83" 31 26 34 29 28 24 25 25 20 23 33 27 22 25 23 23 23 32 26 27 23 20 26 27 24 23 11 30 21 19
E11 "084_Group84" 21 22 22 27 23 21 23 24 19 27 23 23 25 28 23 21 21 18 26 30 21 21 17 21 21 20 18 19 22 21
F11 "085_Group85" 23 28 22 33 22 22 34 24 27 26 30 28 12 18 23 29 20 18 26 23 18 26 32 23 20 18 30 27 31 23
G11 "086_Group86" 26 24 26 30 32 29 25 32 19 22 31 23 25 23 29 28 28 18 24 38 32 29 23 20 26 23 27 24 17 14
H11 "087_Group87" 32 27 25 28 18 13 17 19 28 24 22 29 28 23 27 25 27 19 24 19 34 32 27 20 16 26 13 18 16 18
A12 "088_Group88" 21 36 33 30 25 28 28 20 21 29 22 16 27 17 21 27 26 18 28 25 24 20 24 25 25 22 18 30 22 14
B12 "089_Group89" 32 31 27 24 21 22 22 32 25 25 22 32 26 29 30 23 21 20 26 27 29 16 29 26 26 20 33 26 23 18
C12 "090_Group90" 31 36 24 25 23 27 26 29 31 26 27 30 26 28 23 23 29 32 22 26 26 12 29 23 33 29 19 19 18 25
D12 "091_Group91" 24 32 26 24 23 29 30 38 25 27 28 20 25 29 30 24 23 21 15 27 21 25 25 29 32 27 26 23 24 27
E12 "092_Group92" 26 18 19 11 28 25 24 33 37 33 29 35 34 16 34 28 24 15 17 14 15 16 25 25 21 30 27 29 24 24
F12 "093_Group93" 26 39 33 36 33 28 35 23 25 32 32 23 23 34 30 33 28 28 30 26 21 13 23 26 24 28 20 25 26 20
G12 "094_Group94" 28 39 32 23 24 29 30 25 26 26 29 32 36 23 23 26 32 32 31 31 33 27 25 21 24 25 29 24 23 18
H12 "095_Group95" 24 26 21 24 34 16 25 32 27 29 24 31 31 22 21 21 28 17 21 22 32 23 26 21 21 24 15 23 27 20

"<<<<<< Channel Activity >>>>>>"
Channel Well Group/Time[m] 2 4 6 8 10 12 14 16 18 20 22 24 26 28 30 32 34 36 38 40 42 44 46 48 50 52 54 56 58 60
CH0 A1.0 "000_Group0" 27 13 9 18 13 24 27 30 33 23 25 36 27 26 25 15 23 24 22 22 17 27 30 31 24 28 23 20 27 23
CH2 B1.0 "001_Group1" 27 21 23 28 20 23 28 19 33 26 19 21 24 25 19 27 32 20 26 30 20 18 18 27 24 23 14 25 25 20
CH4 C1.0 "002_Group2" 31 28 18 26 25 23 24 29 24 25 29 31 25 20 28 34 30 26 28 30 33 22 27 26 39 20 35 32 23 25
CH6 D1.0 "003_Group3" 41 33 16 24 20 20 16 28 24 38 27 30 24 28 23 25 28 24 27 27 30 26 31 27 29 33 29 25 30 26
CH8 E1.0 "004_Group4" 27 29 33 24 24 24 27 24 26 34 41 21 26 26 31 22 24 21 28 25 22 24 23 28 26 33 25 21 24 17
CH10 F1.0 "005_Group5" 15 29 29 22 23 21 25 30 33 26 30 24 28 25 26 20 26 21 23 21 29 26 22 26 24 34 37 23 19 14
CH12 G1.0 "006_Group6" 22 25 28 19 41 23 23 21 24 21 25 31 25 22 23 33 22 39 30 24 22 26 29 32 28 24 22 26 30 27
CH14 H1.0 "007_Group7" 24 23 27 25 27 34 28 22 25 30 26 33 19 28 26 27 18 30 38 25 27 30 26 28 25 24 36 27 27 18
CH32 A2.0 "008_Group8" 22 24 24 25 28 21 19 13 25 17 35 25 29 26 25 25 32 30 25 31 22 30 22 21 19 22 21 22 25 20
CH34 B2.0 "009_Group9" 21 28 27 26 20 23 22 28 23 24 19 18 25 28 16 23 21 20 16 23 30 39 29 27 25 28 25 25 30 27
CH36 C2.0 "010_Group10" 21 28 28 32 30 27 29 32 25 22 19 27 32 31 31 28 20 24 12 19 27 26 24 20 21 26 17 17 31 24
CH38 D2.0 "011_Group11" 22 27 28 28 29 27 24 24 17 15 34 27 37 26 23 16 19 26 24 21 19 29 21 26 23 27 24 21 15 15
CH40 E2.0 "012_Group12" 20 22 24 32 26 26 22 23 24 17 22 17 21 29 37 20 16 22 29 25 22 24 26 25 23 26 20 17 23 28
CH42 F2.0 "013_Group13" 22 32 26 23 30 24 23 17 21 21 22 24 25 34 24 15 16 20 19 25 32 24 26 23 29 26 24 21 25 22
CH44 G2.0 "014_Group14" 15 26 17 35 25 29 25 32 18 13 22 22 17 23 18 31 26 30 21 23 14 31 38 22 15 27 25 18 24 10
CH46 H2.0 "015_Group15" 26 29 37 33 29 33 34 38 27 26 29 33 27 26 29 26 25 21 23 28 21 20 28 27 23 24 26 18 23 21
CH64 A3.0 "016_Group16" 25 8 5 14 6 31 35 36 29 16 19 19 32 23 35 29 24 22 31 36 31 31 27 26 15 14 21 21 27 23
CH66 B3.0 "017_Group17" 31 39 37 18 27 19 28 22 28 24 36 19 36 34 35 29 29 33 32 30 36 27 45 30 35 18 30 33 21 23
CH68 C3.0 "018_Group18" 24 10 28 18 30 14 22 25 34 33 38 46 38 34 28 39 32 33 37 30 21 34 32 24 25 36 38 40 28 23
CH70 D3.0 "019_Group19" 9 20 26 31 21 29 30 33 30 29 36 39 38 36 37 31 34 37 32 26 32 40 35 23 22 26 27 30 29 44
CH72 E3.0 "020_Group20" 37 41 37 35 28 32 38 30 39 46 23 30 34 43 42 30 32 29 28 26 27 37 28 27 24 24 30 29 26 15
CH74 F3.0 "021_Group21" 35 45 52 38 28 42 30 29 34 39 41 25 30 38 37 34 41 34 37 37 24 25 31 42 37 43 37 24 26 31
CH76 G3.0 "022_Group22" 15 45 37 28 30 31 28 34 41 38 32 34 35 30 22 30 28 26 27 21 21 37 45 19 29 31 31 27 35 38
CH78 H3.0 "023_Group23" 18 13 30 31 31 34 32 28 24 27 31 32 30 37 34 31 42 45 43 38 35 40 40 26 20 26 23 25 29 32
CH96 A4.0 "024_Group24" 9 21 32 36 33 22 20 26 28 24 20 22 18 29 28 25 23 30 23 31 22 19 28 25 19 29 26 24 22 17
CH98 B4.0 "025_Group25" 25 28 30 30 28 21 17 18 22 17 21 27 19 14 25 25 14 27 24 10 15 28 27 25 16 23 21 20 31 21
CH100 C4.0 "026_Group26" 19 17 29 27 29 33 27 22 21 25 20 24 23 29 28 34 26 17 32 26 27 22 36 29 24 16 22 20 22 19
CH102 D4.0 "027_Group27" 30 19 26 20 23 21 21 32 30 28 24 23 26 31 20 17 21 23 23 14 17 33 24 18 22 18 27 19 27 24
CH104 E4.0 "028_Group28" 14 22 24 23 12 17 22 24 27 28 26 16 15 21 20 11 11 29 28 24 35 17 18 29 26 20 24 18 22 21
CH106 F4.0 "029_Group29" 28 34 28 26 26 29 22 9 16 20 20 25 20 20 21 25 20 22 25 24 29 24 27 32 26 20 19 21 18 20
CH108 G4.0 "030_Group30" 20 28 25 34 25 22 24 11 19 30 24 24 24 26 26 24 26 25 19 38 37 27 28 25 29 22 30 24 21 18
CH110 H4.0 "031_Group31" 19 24 23 29 22 23 28 21 24 17 19 24 24 27 28 28 19 18 15 20 22 19 16 21 26 17 17 20 22 20
CH128 A5.0 "032_Group32" 14 34 37 21 28 35 25 21 21 26 26 38 41 33 35 37 40 23 34 33 25 30 24 35 35 33 35 35 22 29
CH130 B5.0 "033_Group33" 33 28 25 24 21 20 19 25 42 39 27 32 34 23 35 41 39 33 29 36 32 17 11 22 24 28 29 26 30 17
CH132 C5.0 "034_Group34" 37 38 14 19 7 15 25 22 28 35 37 28 22 32 34 39 29 40 32 37 38 28 27 33 34 35 54 41 37 36
CH134 D5.0 "035_Group35" 16 31 23 34 34 25 40 35 27 38 34 36 40 40 36 41 34 30 29 32 33 31 25 38 39 30 27 28 31 39
CH136 E5.0 "036_Group36" 32 27 32 33 37 38 38 38 32 34 36 38 26 31 28 36 33 29 41 27 39 30 24 23 33 28 26 36 44 32
CH138 F5.0 "037_Group37" 25 42 32 29 36 32 29 39 34 43 53 37 27 37 42 42 34 35 38 27 32 29 32 38 39 29 33 31 37 29
CH140 G5.0 "038_Group38" 22 13 3 23 24 17 37 42 32 31 29 37 46 48 35 27 28 33 31 39 39 30 36 41 25 22 38 32 26 19
CH142 H5.0 "039_Group39" 12 34 19 26 12 14 35 35 35 32 37 35 42 38 35 45 35 29 26 29 27 42 36 30 27 25 37 21 25 21
CH160 A6.0 "040_Group40" 27 13 19 18 21 18 30 20 16 16 27 17 22 19 18 25 25 27 14 20 23 32 17 18 20 25 32 25 32 21
CH162 B6.0 "041_Group41" 32 36 24 23 28 21 24 36 29 23 16 26 28 28 23 19 25 35 19 10 29 26 24 21 21 23 20 26 27 29
CH164 C6.0 "042_Group42" 36 38 30 38 28 28 30 28 23 21 34 23 21 25 23 24 20 16 31 19 22 29 22 24 18 24 28 14 15 13
CH166 D6.0 "043_Group43" 8 15 26 25 27 19 27 26 27 28 26 27 28 25 31 20 25 37 17 19 31 19 24 28 16 25 19 29 28 24
CH168 E6.0 "044_Group44" 20 25 29 30 27 36 19 27 26 40 24 26 17 28 23 20 24 36 27 25 30 28 28 22 23 25 34 26 20 34
CH170 F6.0 "045_Group45" 39 27 34 25 28 31 27 31 32 27 21 39 29 25 24 40 28 26 27 23 29 31 30 32 27 27 18 25 21 29
CH172 G6.0 "046_Group46" 16 27 27 20 20 37 34 28 30 26 19 25 25 16 20 25 21 23 26 28 27 36 27 22 25 22 28 30 28 26
CH174 H6.0 "047_Group47" 13 32 24 28 27 18 30 22 19 36 22 25 22 30 25 31 21 23 23 23 33 36 34 22 28 21 22 17 19 20
CH192 A7.0 "048_Group48" 27 21 18 4 16 22 16 35 37 32 31 29 29 30 26 18 25 25 21 22 24 23 24 23 20 18 26 31 25 31
CH194 B7.0 "049_Group49" 38 42 22 22 25 20 30 29 22 28 27 31 27 18 21 26 20 19 22 37 33 32 22 24 23 17 22 33 20 22
CH196 C7.0 "050_Group50" 36 44 39 47 42 26 28 32 31 36 28 23 32 29 29 22 27 20 14 7 23 22 17 21 27 32 25 26 27 22
CH198 D7.0 "051_Group51" 23 27 16 14 22 25 26 31 26 21 20 19 26 17 24 25 22 29 21 31 21 19 29 26 31 27 32 26 23 16
CH200 E7.0 "052_Group52" 30 33 22 28 23 18 37 26 22 21 18 22 31 23 22 24 21 20 27 22 16 16 24 29 26 31 19 19 29 31
CH202 F7.0 "053_Group53" 29 23 33 29 36 36 29 28 23 30 31 28 31 35 30 32 28 26 26 22 33 17 34 25 28 28 33 23 27 25
CH204 G7.0 "054_Group54" 27 18 29 27 27 21 26 35 32 28 33 29 24 23 32 20 20 30 29 29 28 28 23 24 25 29 29 22 29 23
CH206 H7.0 "055_Group55" 24 30 27 15 34 32 24 26 18 18 25 25 24 35 24 27 33 35 22 35 26 29 35 25 25 26 27 23 25 28
CH224 A8.0 "056_Group56" 18 32 31 18 32 33 30 23 23 30 28 27 25 20 18 23 25 25 25 20 17 23 28 28 27 10 18 15 17 12
CH226 B8.0 "057_Group57" 5 19 26 35 31 32 29 26 25 24 20 31 21 14 17 15 23 22 22 21 19 22 12 23 23 22 20 24 18 26
CH228 C8.0 "058_Group58" 30 37 25 24 18 24 26 26 20 24 28 22 27 27 21 18 19 27 15 35 22 26 22 25 14 20 13 23 26 13
CH230 D8.0 "059_Group59" 29 37 31 30 23 30 24 24 22 30 16 19 29 27 21 34 33 19 18 24 24 20 17 25 29 22 32 18 27 17
CH232 E8.0 "060_Group60" 20 18 20 27 27 29 27 27 29 22 25 28 39 30 25 17 32 35 26 30 28 17 28 43 38 30 31 33 26 21
CH234 F8.0 "061_Group61" 19 28 23 32 19 19 13 20 27 30 19 28 33 29 38 25 19 30 20 20 21 18 16 18 18 20 26 22 23 25
CH236 G8.0 "062_Group62" 17 24 28 34 27 26 33 30 16 25 31 26 31 27 17 24 30 38 25 27 25 18 32 23 24 26 16 17 23 30
CH238 H8.0 "063_Group63" 20 32 21 17 31 34 23 31 25 24 24 30 12 21 21 23 17 15 22 30 28 31 26 27 27 24 24 32 21 25
CH256 A9.0 "064_Group64" 20 27 24 21 29 34 27 26 14 26 24 19 28 29 27 16 26 22 18 10 23 25 21 26 31 24 26 26 33 22
CH258 B9.0 "065_Group65" 25 17 25 21 29 31 19 27 27 26 21 21 23 26 25 31 21 22 11 21 29 27 24 19 22 20 19 16 16 14
CH260 C9.0 "066_Group66" 19 35 33 19 26 27 20 23 28 24 24 31 26 36 18 26 14 27 34 35 33 24 17 32 31 34 38 26 20 28
CH262 D9.0 "067_Group67" 32 26 27 15 23 32 34 40 34 42 30 32 23 23 25 27 31 29 31 28 32 29 29 32 36 21 32 25 19 17
CH264 E9.0 "068_Group68" 26 19 24 17 30 23 19 16 20 21 26 21 21 25 20 23 27 37 26 28 35 31 25 23 27 29 30 30 31 15
CH266 F9.0 "069_Group69" 25 32 25 11 21 32 25 33 29 25 28 21 40 39 28 19 31 30 36 31 39 25 33 27 32 30 25 24 24 17
CH268 G9.0 "070_Group70" 21 17 19 17 31 26 31 24 26 20 14 25 26 26 26 23 28 29 31 30 23 19 21 28 34 26 28 27 23 40
CH270 H9.0 "071_Group71" 26 31 30 17 10 25 25 20 26 34 35 39 43 32 28 34 37 33 43 34 27 33 20 34 22 32 33 21 24 25
CH288 A10.0 "072_Group72" 21 14 30 22 32 40 46 33 37 20 16 32 32 29 28 29 39 19 36 43 37 32 22 32 34 35 30 27 27 35
CH290 B10.0 "073_Group73" 28 34 34 17 25 31 33 29 15 14 33 28 30 21 34 37 26 30 16 28 24 25 34 26 36 28 25 30 22 17
CH292 C10.0 "074_Group74" 23 9 20 31 18 29 31 39 37 42 38 36 38 37 28 35 28 30 32 25 32 33 31 27 29 30 23 26 23 34
CH294 D10.0 "075_Group75" 13 15 27 19 22 29 41 44 37 31 35 34 27 34 26 27 27 35 34 24 34 29 22 34 23 34 34 35 38 41
CH296 E10.0 "076_Group76" 21 16 7 11 25 20 17 19 28 34 33 23 31 38 27 25 28 20 28 25 40 30 30 28 15 20 21 23 35 17
CH298 F10.0 "077_Group77" 24 19 31 11 20 36 20 22 34 23 38 18 32 51 24 37 41 36 36 34 29 36 24 32 30 37 38 28 33 18
CH300 G10.0 "078_Group78" 14 34 32 33 32 40 39 20 28 26 27 26 23 21 29 25 43 34 33 39 25 41 44 37 37 29 34 16 26 31
CH302 H10.0 "079_Group79" 26 22 21 27 29 23 42 37 32 28 25 26 29 37 36 34 31 27 33 42 41 39 33 24 23 31 24 32 19 16
CH320 A11.0 "080_Group80" 24 17 22 21 26 20 28 34 17 27 27 23 23 19 22 23 23 18 27 21 21 11 23 24 30 27 29 24 28 15
CH322 B11.0 "081_Group81" 31 27 31 32 22 31 18 32 31 25 23 28 33 30 22 21 10 15 19 20 32 38 26 21 20 19 28 27 22 22
CH324 C11.0 "082_Group82" 31 27 34 30 27 22 32 21 34 24 30 38 30 23 19 24 27 32 18 18 19 27 26 26 23 16 23 25 27 18
CH326 D11.0 "083_Group83" 31 26 34 29 28 24 25 25 20 23 33 27 22 25 23 23 23 32 26 27 23 20 26 27 24 23 11 30 21 19
CH328 E11.0 "084_Group84" 21 22 22 27 23 21 23 24 19 27 23 23 25 28 23 21 21 18 26 30 21 21 17 21 21 20 18 19 22 21
CH330 F11.0 "085_Group85" 23 28 22 33 22 22 34 24 27 26 30 28 12 18 23 29 20 18 26 23 18 26 32 23 20 18 30 27 31 23
CH332 G11.0 "086_Group86" 26 24 26 30 32 29 25 32 19 22 31 23 25 23 29 28 28 18 24 38 32 29 23 20 26 23 27 24 17 14
CH334 H11.0 "087_Group87" 32 27 25 28 18 13 17 19 28 24 22 29 28 23 27 25 27 19 24 19 34 32 27 20 16 26 13 18 16 18
CH352 A12.0 "088_Group88" 21 36 33 30 25 28 28 20 21 29 22 16 27 17 21 27 26 18 28 25 24 20 24 25 25 22 18 30 22 14
CH354 B12.0 "089_Group89" 32 31 27 24 21 22 22 32 25 25 22 32 26 29 30 23 21 20 26 27 29 16 29 26 26 20 33 26 23 18
CH356 C12.0 "090_Group90" 31 36 24 25 23 27 26 29 31 26 27 30 26 28 23 23 29 32 22 26 26 12 29 23 33 29 19 19 18 25
CH358 D12.0 "091_Group91" 24 32 26 24 23 29 30 38 25 27 28 20 25 29 30 24 23 21 15 27 21 25 25 29 32 27 26 23 24 27
CH360 E12.0 "092_Group92" 26 18 19 11 28 25 24 33 37 33 29 35 34 16 34 28 24 15 17 14 15 16 25 25 21 30 27 29 24 24
CH362 F12.0 "093_Group93" 26 39 33 36 33 28 35 23 25 32 32 23 23 34 30 33 28 28 30 26 21 13 23 26 24 28 20 25 26 20
CH364 G12.0 "094_Group94" 28 39 32 23 24 29 30 25 26 26 29 32 36 23 23 26 32 32 31 31 33 27 25 21 24 25 29 24 23 18
CH366 H12.0 "095_Group95" 24 26 21 24 34 16 25 32 27 29 24 31 31 22 21 21 28 17 21 22 32 23 26 21 21 24 15 23 27 20
