"DATE:" "3/8/2015 10:26:46 AM"
"FILE:" "C:\Users\AndersenLab\Desktop\wmicrotracker\p00010\20140519_1208"
"SUBPROJECT:" "20140519_SwimmingAssayAbamectin100"

"<<<<<< Group Activity: Average Activity Counts per Data Interval>>>>>>"
Group/Time[m] 5 10 15 20 25 30
"000_Group0" 73 36 59 76 54 28
"001_Group1" 78 63 72 40 43 35
"002_Group2" 85 86 81 60 27 22
"003_Group3" 98 92 61 91 56 58
"004_Group4" 48 69 88 50 35 34
"005_Group5" 94 84 104 47 69 45
"006_Group6" 124 94 82 80 65 62
"007_Group7" 73 95 75 56 86 67
"008_Group8" 64 88 72 53 63 31
"009_Group9" 99 75 63 47 26 44
"010_Group10" 87 97 52 64 42 29
"011_Group11" 86 88 81 65 52 41
"012_Group12" 79 79 56 75 69 23
"013_Group13" 92 77 67 47 53 26
"014_Group14" 72 107 132 86 71 45
"015_Group15" 0 0 0 0 0 4
"016_Group16" 90 57 54 25 32 30
"017_Group17" 68 89 41 53 44 41
"018_Group18" 105 108 50 44 12 22
"019_Group19" 91 73 52 33 28 29
"020_Group20" 102 80 57 62 36 18
"021_Group21" 93 85 77 63 54 37
"022_Group22" 89 105 83 58 59 32
"023_Group23" 62 106 98 55 78 23
"024_Group24" 89 58 39 60 46 33
"025_Group25" 102 56 51 33 38 20
"026_Group26" 111 83 51 53 35 21
"027_Group27" 86 96 76 82 49 52
"028_Group28" 78 79 66 50 53 21
"029_Group29" 102 91 76 64 40 40
"030_Group30" 67 77 83 55 76 50
"031_Group31" 0 0 0 0 0 0
"032_Group32" 66 102 110 95 107 69
"033_Group33" 96 91 95 58 46 67
"034_Group34" 72 88 84 102 78 43
"035_Group35" 102 97 92 118 81 36
"036_Group36" 89 101 97 109 85 83
"037_Group37" 66 73 99 83 82 55
"038_Group38" 84 117 105 109 108 65
"039_Group39" 107 97 77 102 80 80
"040_Group40" 92 120 114 112 77 100
"041_Group41" 71 80 78 65 64 33
"042_Group42" 89 121 86 85 81 47
"043_Group43" 106 95 99 70 65 65
"044_Group44" 87 84 96 92 80 51
"045_Group45" 117 89 107 112 90 88
"046_Group46" 103 101 93 99 68 76
"047_Group47" 0 0 0 0 0 0
"048_Group48" 50 47 30 29 19 23
"049_Group49" 80 64 100 28 91 22
"050_Group50" 65 48 34 20 33 13
"051_Group51" 60 90 63 36 26 6
"052_Group52" 36 66 23 24 21 19
"053_Group53" 98 76 42 32 18 17
"054_Group54" 107 88 64 42 31 19
"055_Group55" 78 87 61 42 64 25
"056_Group56" 58 93 37 30 29 21
"057_Group57" 102 104 52 46 38 15
"058_Group58" 93 104 54 25 27 22
"059_Group59" 72 53 39 31 43 19
"060_Group60" 78 69 40 41 39 25
"061_Group61" 97 84 70 38 44 34
"062_Group62" 102 89 55 54 39 32
"063_Group63" 0 0 0 0 0 0
"064_Group64" 68 53 60 59 65 50
"065_Group65" 94 92 48 85 71 41
"066_Group66" 87 87 109 94 106 84
"067_Group67" 80 67 62 67 47 19
"068_Group68" 60 68 56 79 46 35
"069_Group69" 92 95 71 73 104 51
"070_Group70" 63 96 101 70 37 45
"071_Group71" 64 103 64 47 69 70
"072_Group72" 113 90 54 67 104 84
"073_Group73" 87 46 38 58 52 11
"074_Group74" 65 36 46 83 54 53
"075_Group75" 81 85 83 128 83 49
"076_Group76" 104 86 64 85 112 46
"077_Group77" 80 107 77 81 85 46
"078_Group78" 87 104 106 68 68 62
"079_Group79" 0 0 0 0 0 0
"080_Group80" 63 29 14 18 33 13
"081_Group81" 90 74 16 32 57 24
"082_Group82" 82 67 39 58 10 25
"083_Group83" 82 75 54 14 40 27
"084_Group84" 96 101 72 55 55 36
"085_Group85" 96 102 64 25 33 12
"086_Group86" 83 96 65 77 37 45
"087_Group87" 60 78 72 51 28 24
"088_Group88" 42 47 61 61 68 27
"089_Group89" 99 115 56 60 36 19
"090_Group90" 86 117 36 36 30 18
"091_Group91" 81 75 77 28 37 11
"092_Group92" 117 120 52 48 54 42
"093_Group93" 87 101 63 38 51 21
"094_Group94" 68 69 70 52 47 24
"095_Group95" 0 0 0 0 0 0

"<<<<<< Group Activity: Number of wells/group >>>>>>"
Group/Time[m] 5 10 15 20 25 29
"000_Group0" 1 1 1 1 1 1
"001_Group1" 1 1 1 1 1 1
"002_Group2" 1 1 1 1 1 1
"003_Group3" 1 1 1 1 1 1
"004_Group4" 1 1 1 1 1 1
"005_Group5" 1 1 1 1 1 1
"006_Group6" 1 1 1 1 1 1
"007_Group7" 1 1 1 1 1 1
"008_Group8" 1 1 1 1 1 1
"009_Group9" 1 1 1 1 1 1
"010_Group10" 1 1 1 1 1 1
"011_Group11" 1 1 1 1 1 1
"012_Group12" 1 1 1 1 1 1
"013_Group13" 1 1 1 1 1 1
"014_Group14" 1 1 1 1 1 1
"015_Group15" 1 1 1 1 1 1
"016_Group16" 1 1 1 1 1 1
"017_Group17" 1 1 1 1 1 1
"018_Group18" 1 1 1 1 1 1
"019_Group19" 1 1 1 1 1 1
"020_Group20" 1 1 1 1 1 1
"021_Group21" 1 1 1 1 1 1
"022_Group22" 1 1 1 1 1 1
"023_Group23" 1 1 1 1 1 1
"024_Group24" 1 1 1 1 1 1
"025_Group25" 1 1 1 1 1 1
"026_Group26" 1 1 1 1 1 1
"027_Group27" 1 1 1 1 1 1
"028_Group28" 1 1 1 1 1 1
"029_Group29" 1 1 1 1 1 1
"030_Group30" 1 1 1 1 1 1
"031_Group31" 1 1 1 1 1 1
"032_Group32" 1 1 1 1 1 1
"033_Group33" 1 1 1 1 1 1
"034_Group34" 1 1 1 1 1 1
"035_Group35" 1 1 1 1 1 1
"036_Group36" 1 1 1 1 1 1
"037_Group37" 1 1 1 1 1 1
"038_Group38" 1 1 1 1 1 1
"039_Group39" 1 1 1 1 1 1
"040_Group40" 1 1 1 1 1 1
"041_Group41" 1 1 1 1 1 1
"042_Group42" 1 1 1 1 1 1
"043_Group43" 1 1 1 1 1 1
"044_Group44" 1 1 1 1 1 1
"045_Group45" 1 1 1 1 1 1
"046_Group46" 1 1 1 1 1 1
"047_Group47" 1 1 1 1 1 1
"048_Group48" 1 1 1 1 1 1
"049_Group49" 1 1 1 1 1 1
"050_Group50" 1 1 1 1 1 1
"051_Group51" 1 1 1 1 1 1
"052_Group52" 1 1 1 1 1 1
"053_Group53" 1 1 1 1 1 1
"054_Group54" 1 1 1 1 1 1
"055_Group55" 1 1 1 1 1 1
"056_Group56" 1 1 1 1 1 1
"057_Group57" 1 1 1 1 1 1
"058_Group58" 1 1 1 1 1 1
"059_Group59" 1 1 1 1 1 1
"060_Group60" 1 1 1 1 1 1
"061_Group61" 1 1 1 1 1 1
"062_Group62" 1 1 1 1 1 1
"063_Group63" 1 1 1 1 1 1
"064_Group64" 1 1 1 1 1 1
"065_Group65" 1 1 1 1 1 1
"066_Group66" 1 1 1 1 1 1
"067_Group67" 1 1 1 1 1 1
"068_Group68" 1 1 1 1 1 1
"069_Group69" 1 1 1 1 1 1
"070_Group70" 1 1 1 1 1 1
"071_Group71" 1 1 1 1 1 1
"072_Group72" 1 1 1 1 1 1
"073_Group73" 1 1 1 1 1 1
"074_Group74" 1 1 1 1 1 1
"075_Group75" 1 1 1 1 1 1
"076_Group76" 1 1 1 1 1 1
"077_Group77" 1 1 1 1 1 1
"078_Group78" 1 1 1 1 1 1
"079_Group79" 1 1 1 1 1 1
"080_Group80" 1 1 1 1 1 1
"081_Group81" 1 1 1 1 1 1
"082_Group82" 1 1 1 1 1 1
"083_Group83" 1 1 1 1 1 1
"084_Group84" 1 1 1 1 1 1
"085_Group85" 1 1 1 1 1 1
"086_Group86" 1 1 1 1 1 1
"087_Group87" 1 1 1 1 1 1
"088_Group88" 1 1 1 1 1 1
"089_Group89" 1 1 1 1 1 1
"090_Group90" 1 1 1 1 1 1
"091_Group91" 1 1 1 1 1 1
"092_Group92" 1 1 1 1 1 1
"093_Group93" 1 1 1 1 1 1
"094_Group94" 1 1 1 1 1 1
"095_Group95" 1 1 1 1 1 1

"<<<<<< Number of Samples per Acquisition Interval [1unit=500values] >>>>>>"
Time[m] 5 10 15 20 25 29 
#Samples 5 5 5 5 5 4 

"<<<<<< Average Temperature [°C] >>>>>>"
Time[m] 5 10 15 20 25 29 
Temp[°C] 25.1 25.1 25.1 25.1 25.2 25.2 

"<<<<<< Well Activity >>>>>>"
Well Group/Time[m] 5 10 15 20 25 29
A1 "000_Group0" 73 36 59 76 54 28
B1 "001_Group1" 78 63 72 40 43 35
C1 "002_Group2" 85 86 81 60 27 22
D1 "003_Group3" 98 92 61 91 56 58
E1 "004_Group4" 48 69 88 50 35 34
F1 "005_Group5" 94 84 104 47 69 45
G1 "006_Group6" 124 94 82 80 65 62
H1 "007_Group7" 73 95 75 56 86 67
A2 "008_Group8" 64 88 72 53 63 31
B2 "009_Group9" 99 75 63 47 26 44
C2 "010_Group10" 87 97 52 64 42 29
D2 "011_Group11" 86 88 81 65 52 41
E2 "012_Group12" 79 79 56 75 69 23
F2 "013_Group13" 92 77 67 47 53 26
G2 "014_Group14" 72 107 132 86 71 45
H2 "015_Group15" 0 0 0 0 0 4
A3 "016_Group16" 90 57 54 25 32 30
B3 "017_Group17" 68 89 41 53 44 41
C3 "018_Group18" 105 108 50 44 12 22
D3 "019_Group19" 91 73 52 33 28 29
E3 "020_Group20" 102 80 57 62 36 18
F3 "021_Group21" 93 85 77 63 54 37
G3 "022_Group22" 89 105 83 58 59 32
H3 "023_Group23" 62 106 98 55 78 23
A4 "024_Group24" 89 58 39 60 46 33
B4 "025_Group25" 102 56 51 33 38 20
C4 "026_Group26" 111 83 51 53 35 21
D4 "027_Group27" 86 96 76 82 49 52
E4 "028_Group28" 78 79 66 50 53 21
F4 "029_Group29" 102 91 76 64 40 40
G4 "030_Group30" 67 77 83 55 76 50
H4 "031_Group31" 0 0 0 0 0 0
A5 "032_Group32" 66 102 110 95 107 69
B5 "033_Group33" 96 91 95 58 46 67
C5 "034_Group34" 72 88 84 102 78 43
D5 "035_Group35" 102 97 92 118 81 36
E5 "036_Group36" 89 101 97 109 85 83
F5 "037_Group37" 66 73 99 83 82 55
G5 "038_Group38" 84 117 105 109 108 65
H5 "039_Group39" 107 97 77 102 80 80
A6 "040_Group40" 92 120 114 112 77 100
B6 "041_Group41" 71 80 78 65 64 33
C6 "042_Group42" 89 121 86 85 81 47
D6 "043_Group43" 106 95 99 70 65 65
E6 "044_Group44" 87 84 96 92 80 51
F6 "045_Group45" 117 89 107 112 90 88
G6 "046_Group46" 103 101 93 99 68 76
H6 "047_Group47" 0 0 0 0 0 0
A7 "048_Group48" 50 47 30 29 19 23
B7 "049_Group49" 80 64 100 28 91 22
C7 "050_Group50" 65 48 34 20 33 13
D7 "051_Group51" 60 90 63 36 26 6
E7 "052_Group52" 36 66 23 24 21 19
F7 "053_Group53" 98 76 42 32 18 17
G7 "054_Group54" 107 88 64 42 31 19
H7 "055_Group55" 78 87 61 42 64 25
A8 "056_Group56" 58 93 37 30 29 21
B8 "057_Group57" 102 104 52 46 38 15
C8 "058_Group58" 93 104 54 25 27 22
D8 "059_Group59" 72 53 39 31 43 19
E8 "060_Group60" 78 69 40 41 39 25
F8 "061_Group61" 97 84 70 38 44 34
G8 "062_Group62" 102 89 55 54 39 32
H8 "063_Group63" 0 0 0 0 0 0
A9 "064_Group64" 68 53 60 59 65 50
B9 "065_Group65" 94 92 48 85 71 41
C9 "066_Group66" 87 87 109 94 106 84
D9 "067_Group67" 80 67 62 67 47 19
E9 "068_Group68" 60 68 56 79 46 35
F9 "069_Group69" 92 95 71 73 104 51
G9 "070_Group70" 63 96 101 70 37 45
H9 "071_Group71" 64 103 64 47 69 70
A10 "072_Group72" 113 90 54 67 104 84
B10 "073_Group73" 87 46 38 58 52 11
C10 "074_Group74" 65 36 46 83 54 53
D10 "075_Group75" 81 85 83 128 83 49
E10 "076_Group76" 104 86 64 85 112 46
F10 "077_Group77" 80 107 77 81 85 46
G10 "078_Group78" 87 104 106 68 68 62
H10 "079_Group79" 0 0 0 0 0 0
A11 "080_Group80" 63 29 14 18 33 13
B11 "081_Group81" 90 74 16 32 57 24
C11 "082_Group82" 82 67 39 58 10 25
D11 "083_Group83" 82 75 54 14 40 27
E11 "084_Group84" 96 101 72 55 55 36
F11 "085_Group85" 96 102 64 25 33 12
G11 "086_Group86" 83 96 65 77 37 45
H11 "087_Group87" 60 78 72 51 28 24
A12 "088_Group88" 42 47 61 61 68 27
B12 "089_Group89" 99 115 56 60 36 19
C12 "090_Group90" 86 117 36 36 30 18
D12 "091_Group91" 81 75 77 28 37 11
E12 "092_Group92" 117 120 52 48 54 42
F12 "093_Group93" 87 101 63 38 51 21
G12 "094_Group94" 68 69 70 52 47 24
H12 "095_Group95" 0 0 0 0 0 0

"<<<<<< Channel Activity >>>>>>"
Channel Well Group/Time[m] 5 10 15 20 25 29
CH0 A1.0 "000_Group0" 73 36 59 76 54 28
CH2 B1.0 "001_Group1" 78 63 72 40 43 35
CH4 C1.0 "002_Group2" 85 86 81 60 27 22
CH6 D1.0 "003_Group3" 98 92 61 91 56 58
CH8 E1.0 "004_Group4" 48 69 88 50 35 34
CH10 F1.0 "005_Group5" 94 84 104 47 69 45
CH12 G1.0 "006_Group6" 124 94 82 80 65 62
CH14 H1.0 "007_Group7" 73 95 75 56 86 67
CH32 A2.0 "008_Group8" 64 88 72 53 63 31
CH34 B2.0 "009_Group9" 99 75 63 47 26 44
CH36 C2.0 "010_Group10" 87 97 52 64 42 29
CH38 D2.0 "011_Group11" 86 88 81 65 52 41
CH40 E2.0 "012_Group12" 79 79 56 75 69 23
CH42 F2.0 "013_Group13" 92 77 67 47 53 26
CH44 G2.0 "014_Group14" 72 107 132 86 71 45
CH46 H2.0 "015_Group15" 0 0 0 0 0 4
CH64 A3.0 "016_Group16" 90 57 54 25 32 30
CH66 B3.0 "017_Group17" 68 89 41 53 44 41
CH68 C3.0 "018_Group18" 105 108 50 44 12 22
CH70 D3.0 "019_Group19" 91 73 52 33 28 29
CH72 E3.0 "020_Group20" 102 80 57 62 36 18
CH74 F3.0 "021_Group21" 93 85 77 63 54 37
CH76 G3.0 "022_Group22" 89 105 83 58 59 32
CH78 H3.0 "023_Group23" 62 106 98 55 78 23
CH96 A4.0 "024_Group24" 89 58 39 60 46 33
CH98 B4.0 "025_Group25" 102 56 51 33 38 20
CH100 C4.0 "026_Group26" 111 83 51 53 35 21
CH102 D4.0 "027_Group27" 86 96 76 82 49 52
CH104 E4.0 "028_Group28" 78 79 66 50 53 21
CH106 F4.0 "029_Group29" 102 91 76 64 40 40
CH108 G4.0 "030_Group30" 67 77 83 55 76 50
CH110 H4.0 "031_Group31" 0 0 0 0 0 0
CH128 A5.0 "032_Group32" 66 102 110 95 107 69
CH130 B5.0 "033_Group33" 96 91 95 58 46 67
CH132 C5.0 "034_Group34" 72 88 84 102 78 43
CH134 D5.0 "035_Group35" 102 97 92 118 81 36
CH136 E5.0 "036_Group36" 89 101 97 109 85 83
CH138 F5.0 "037_Group37" 66 73 99 83 82 55
CH140 G5.0 "038_Group38" 84 117 105 109 108 65
CH142 H5.0 "039_Group39" 107 97 77 102 80 80
CH160 A6.0 "040_Group40" 92 120 114 112 77 100
CH162 B6.0 "041_Group41" 71 80 78 65 64 33
CH164 C6.0 "042_Group42" 89 121 86 85 81 47
CH166 D6.0 "043_Group43" 106 95 99 70 65 65
CH168 E6.0 "044_Group44" 87 84 96 92 80 51
CH170 F6.0 "045_Group45" 117 89 107 112 90 88
CH172 G6.0 "046_Group46" 103 101 93 99 68 76
CH174 H6.0 "047_Group47" 0 0 0 0 0 0
CH192 A7.0 "048_Group48" 50 47 30 29 19 23
CH194 B7.0 "049_Group49" 80 64 100 28 91 22
CH196 C7.0 "050_Group50" 65 48 34 20 33 13
CH198 D7.0 "051_Group51" 60 90 63 36 26 6
CH200 E7.0 "052_Group52" 36 66 23 24 21 19
CH202 F7.0 "053_Group53" 98 76 42 32 18 17
CH204 G7.0 "054_Group54" 107 88 64 42 31 19
CH206 H7.0 "055_Group55" 78 87 61 42 64 25
CH224 A8.0 "056_Group56" 58 93 37 30 29 21
CH226 B8.0 "057_Group57" 102 104 52 46 38 15
CH228 C8.0 "058_Group58" 93 104 54 25 27 22
CH230 D8.0 "059_Group59" 72 53 39 31 43 19
CH232 E8.0 "060_Group60" 78 69 40 41 39 25
CH234 F8.0 "061_Group61" 97 84 70 38 44 34
CH236 G8.0 "062_Group62" 102 89 55 54 39 32
CH238 H8.0 "063_Group63" 0 0 0 0 0 0
CH256 A9.0 "064_Group64" 68 53 60 59 65 50
CH258 B9.0 "065_Group65" 94 92 48 85 71 41
CH260 C9.0 "066_Group66" 87 87 109 94 106 84
CH262 D9.0 "067_Group67" 80 67 62 67 47 19
CH264 E9.0 "068_Group68" 60 68 56 79 46 35
CH266 F9.0 "069_Group69" 92 95 71 73 104 51
CH268 G9.0 "070_Group70" 63 96 101 70 37 45
CH270 H9.0 "071_Group71" 64 103 64 47 69 70
CH288 A10.0 "072_Group72" 113 90 54 67 104 84
CH290 B10.0 "073_Group73" 87 46 38 58 52 11
CH292 C10.0 "074_Group74" 65 36 46 83 54 53
CH294 D10.0 "075_Group75" 81 85 83 128 83 49
CH296 E10.0 "076_Group76" 104 86 64 85 112 46
CH298 F10.0 "077_Group77" 80 107 77 81 85 46
CH300 G10.0 "078_Group78" 87 104 106 68 68 62
CH302 H10.0 "079_Group79" 0 0 0 0 0 0
CH320 A11.0 "080_Group80" 63 29 14 18 33 13
CH322 B11.0 "081_Group81" 90 74 16 32 57 24
CH324 C11.0 "082_Group82" 82 67 39 58 10 25
CH326 D11.0 "083_Group83" 82 75 54 14 40 27
CH328 E11.0 "084_Group84" 96 101 72 55 55 36
CH330 F11.0 "085_Group85" 96 102 64 25 33 12
CH332 G11.0 "086_Group86" 83 96 65 77 37 45
CH334 H11.0 "087_Group87" 60 78 72 51 28 24
CH352 A12.0 "088_Group88" 42 47 61 61 68 27
CH354 B12.0 "089_Group89" 99 115 56 60 36 19
CH356 C12.0 "090_Group90" 86 117 36 36 30 18
CH358 D12.0 "091_Group91" 81 75 77 28 37 11
CH360 E12.0 "092_Group92" 117 120 52 48 54 42
CH362 F12.0 "093_Group93" 87 101 63 38 51 21
CH364 G12.0 "094_Group94" 68 69 70 52 47 24
CH366 H12.0 "095_Group95" 0 0 0 0 0 0
