"DATE:" "3/5/2015 7:07:41 PM"
"FILE:" "C:\Users\AndersenLab\Desktop\wmicrotracker\p00011\20150305_1806"
"SUBPROJECT:" "20150305_pyrantel"

"<<<<<< Group Activity: Average Activity Counts per Data Interval>>>>>>"
Group/Time[m] 2 4 6 8 10 12 14 16 18 20 22 24 26 28 30 32 34 36 38 40 42 44 46 48 50 52 54 56 58 60
"000_Group0" 12 11 8 11 17 12 8 10 6 11 7 9 13 17 9 15 12 14 12 13 15 10 8 14 10 16 10 10 7 7
"001_Group1" 10 11 13 13 8 14 16 13 16 20 10 16 12 12 15 13 10 16 20 11 15 22 21 22 15 16 28 23 10 9
"002_Group2" 14 14 15 12 9 10 10 12 17 13 11 8 21 14 16 14 17 15 11 16 11 14 16 12 11 17 17 12 9 6
"003_Group3" 7 11 6 11 6 6 12 11 14 14 16 11 17 15 8 10 17 19 21 18 7 15 12 16 12 7 6 15 7 12
"004_Group4" 12 14 13 12 10 9 7 11 14 12 19 18 13 19 17 15 17 18 20 22 12 19 13 15 16 13 11 14 14 12
"005_Group5" 8 13 6 11 12 7 9 11 9 8 10 12 11 13 16 15 12 17 17 17 17 16 17 19 19 20 21 11 17 19
"006_Group6" 15 16 18 16 7 14 14 19 12 15 16 14 15 15 17 21 17 12 13 13 11 12 14 12 9 14 22 12 13 18
"007_Group7" 15 12 6 12 13 14 12 15 13 15 14 13 15 22 18 15 17 21 17 21 15 15 23 18 16 17 24 14 18 11
"008_Group8" 10 11 14 16 12 12 10 10 9 6 6 13 9 12 12 8 9 11 9 8 6 6 10 5 7 5 13 13 16 6
"009_Group9" 18 11 13 14 13 9 12 5 5 6 13 10 12 15 16 16 12 16 12 11 16 15 15 13 11 18 19 20 15 11
"010_Group10" 10 13 9 7 11 17 8 12 11 6 11 11 6 13 13 14 10 9 12 7 8 11 10 13 14 14 7 12 10 12
"011_Group11" 15 11 10 16 23 12 11 8 11 11 8 12 14 19 19 14 14 26 26 13 11 11 15 20 12 9 14 9 17 11
"012_Group12" 14 13 10 16 16 7 14 17 14 9 13 8 6 12 15 11 13 12 14 11 13 11 10 8 10 14 15 19 9 10
"013_Group13" 5 12 12 12 9 8 14 8 10 8 15 20 18 17 9 16 17 14 9 12 11 20 13 15 12 14 14 8 10 18
"014_Group14" 9 15 12 8 7 11 9 9 12 11 10 9 10 10 15 15 16 15 15 12 7 8 12 12 12 12 8 12 21 12
"015_Group15" 12 17 14 10 8 14 12 9 9 6 9 16 20 9 12 15 15 14 14 16 14 20 12 18 9 14 8 9 6 7
"016_Group16" 17 11 12 7 9 9 11 15 10 10 7 15 9 13 10 17 10 20 12 13 13 13 14 20 16 20 16 21 18 18
"017_Group17" 17 10 7 10 8 11 15 8 10 10 5 11 12 14 15 15 9 9 18 14 13 14 8 16 6 17 13 15 15 17
"018_Group18" 20 18 14 9 10 6 7 11 9 9 10 11 13 19 20 10 8 11 14 13 11 16 9 11 17 11 14 13 20 22
"019_Group19" 14 20 12 15 15 13 8 9 11 10 12 13 14 12 13 15 10 16 10 4 15 19 17 10 15 18 12 15 24 21
"020_Group20" 19 17 13 18 13 15 12 10 12 15 18 15 13 18 12 17 16 19 18 21 16 22 23 20 23 17 17 19 22 9
"021_Group21" 14 8 9 12 7 14 9 10 6 8 6 13 11 14 9 15 12 10 19 16 21 18 21 12 21 21 17 18 22 13
"022_Group22" 19 23 13 10 20 12 12 8 14 10 13 11 10 12 12 9 9 11 14 18 15 21 15 21 28 19 21 25 26 15
"023_Group23" 9 17 14 10 11 18 11 12 12 14 9 12 15 17 15 14 15 15 11 23 15 14 18 16 23 14 18 26 15 19
"024_Group24" 9 7 7 7 5 12 10 6 8 8 7 17 15 10 8 10 11 13 12 10 13 10 9 3 5 6 9 11 7 4
"025_Group25" 17 11 9 10 6 7 6 5 15 8 13 11 13 9 8 4 10 9 9 9 15 10 11 11 12 8 16 5 7 14
"026_Group26" 10 12 16 9 12 11 10 9 6 5 11 13 15 12 10 15 11 11 12 13 15 14 14 12 13 12 18 13 13 9
"027_Group27" 9 13 15 8 13 11 7 9 10 9 11 7 8 13 12 11 11 13 17 16 18 13 13 7 15 9 13 16 14 16
"028_Group28" 10 16 22 18 24 14 10 11 19 11 9 13 13 20 13 18 16 13 15 23 20 17 14 10 18 16 10 8 11 14
"029_Group29" 16 13 8 7 13 11 16 7 4 7 6 11 11 6 9 11 13 17 14 15 9 12 8 9 9 12 16 9 11 11
"030_Group30" 15 16 10 7 9 12 7 7 5 5 15 12 11 12 11 10 12 15 14 11 13 10 14 14 8 10 13 16 10 7
"031_Group31" 12 9 6 10 14 7 8 8 7 8 10 9 9 8 9 9 7 10 18 17 9 10 9 4 12 13 10 10 10 17
"032_Group32" 21 12 15 15 13 15 14 11 15 13 11 19 12 7 14 10 14 21 22 22 11 7 19 22 22 16 12 11 27 13
"033_Group33" 18 9 6 7 7 8 7 8 12 10 7 10 20 9 12 16 25 13 15 16 16 10 13 6 26 13 15 11 18 12
"034_Group34" 15 14 8 11 11 13 11 5 14 11 9 10 15 10 11 10 10 12 20 12 14 20 15 14 16 14 14 14 9 9
"035_Group35" 23 22 11 11 12 12 9 13 8 10 16 14 17 18 12 10 12 17 12 14 17 20 12 20 23 22 23 19 19 20
"036_Group36" 19 22 10 10 15 12 9 11 12 11 11 19 18 12 12 18 14 12 12 16 15 11 18 10 18 15 12 15 15 11
"037_Group37" 11 18 17 13 13 10 9 7 9 8 9 6 9 11 9 11 15 18 8 12 13 10 14 16 15 15 13 15 11 11
"038_Group38" 24 17 15 12 11 6 7 8 7 7 13 12 12 12 15 13 14 12 15 15 20 14 16 16 15 17 23 16 11 5
"039_Group39" 22 16 10 13 13 10 12 15 17 12 12 20 16 15 13 25 14 16 11 15 11 22 14 16 17 16 17 11 11 14
"040_Group40" 15 12 9 10 8 7 5 11 20 19 12 19 13 14 11 17 12 12 13 17 23 19 24 24 22 21 19 21 20 11
"041_Group41" 11 8 9 9 10 8 9 11 9 5 7 11 12 10 8 9 15 13 13 11 16 5 13 9 9 7 7 13 11 13
"042_Group42" 15 18 9 14 14 8 12 15 16 13 21 16 14 11 15 19 20 12 13 13 15 10 13 10 11 8 13 17 16 18
"043_Group43" 18 13 20 13 8 12 16 11 10 10 10 14 17 14 22 13 18 18 29 26 26 16 22 30 23 29 15 20 14 20
"044_Group44" 15 10 10 15 6 9 10 10 13 8 12 13 11 10 13 10 15 11 14 30 23 20 23 17 28 16 20 18 17 18
"045_Group45" 16 15 13 14 20 7 12 13 21 21 15 10 17 21 21 9 14 20 16 22 15 11 9 9 17 15 12 8 14 10
"046_Group46" 11 12 14 10 12 10 8 10 11 12 15 18 15 20 10 16 17 10 11 9 12 6 13 20 12 11 9 9 9 13
"047_Group47" 14 7 9 12 5 8 10 13 11 13 10 10 9 11 10 14 11 9 8 12 8 7 13 6 7 15 17 14 13 12
"048_Group48" 15 9 13 8 15 10 11 11 17 18 13 11 16 10 10 18 20 9 16 13 17 12 11 19 10 15 9 11 10 13
"049_Group49" 17 17 7 9 5 6 7 8 12 13 17 7 10 14 9 9 8 9 11 11 13 12 13 14 17 12 15 8 13 7
"050_Group50" 14 8 10 12 14 17 8 8 7 9 11 13 11 16 15 17 14 11 11 14 27 21 31 17 18 23 21 27 6 11
"051_Group51" 13 17 11 7 9 12 12 17 13 15 14 15 19 13 13 13 10 9 17 15 15 16 9 23 15 13 18 19 18 11
"052_Group52" 8 10 13 9 11 11 13 13 17 16 14 17 10 11 16 9 7 16 12 12 21 15 18 10 10 12 17 21 11 11
"053_Group53" 12 9 7 5 10 14 10 9 12 18 8 10 14 15 10 19 18 13 17 16 18 15 9 14 22 16 18 10 15 11
"054_Group54" 19 8 8 10 11 14 11 11 15 7 12 17 15 10 8 11 13 13 12 14 15 15 15 11 11 9 11 10 7 15
"055_Group55" 12 17 13 13 12 13 14 10 15 14 19 15 18 12 10 16 21 25 28 14 22 30 14 13 9 8 18 19 20 9
"056_Group56" 14 10 10 19 14 8 11 12 15 13 9 7 8 10 11 10 13 11 15 13 9 11 15 15 19 10 16 19 18 6
"057_Group57" 8 11 6 10 13 9 10 5 10 5 11 11 10 7 8 13 11 16 8 14 16 14 11 9 15 11 10 14 8 16
"058_Group58" 10 8 6 9 10 11 17 7 7 7 8 10 9 21 14 18 15 22 7 14 22 25 21 19 20 17 16 9 16 8
"059_Group59" 20 13 11 6 13 10 9 12 10 10 12 15 11 14 15 21 16 21 28 19 20 25 18 10 16 18 14 15 18 9
"060_Group60" 12 11 12 10 6 12 14 13 12 11 10 14 15 8 12 17 19 20 17 12 15 17 15 11 9 13 13 17 14 9
"061_Group61" 14 14 9 12 10 9 7 12 13 6 10 11 12 19 11 9 12 12 7 11 9 13 15 19 10 11 17 11 21 11
"062_Group62" 20 19 19 10 11 13 12 12 14 9 12 13 12 12 13 9 12 15 15 16 14 14 10 14 20 15 8 13 13 11
"063_Group63" 13 14 10 12 13 15 13 7 15 12 13 12 8 15 9 11 9 9 17 13 17 13 11 14 16 15 19 19 26 20
"064_Group64" 13 9 13 8 10 10 6 10 8 9 12 9 10 9 13 16 17 16 21 19 12 10 15 8 15 7 8 8 16 19
"065_Group65" 9 13 10 14 7 9 12 4 11 11 14 9 8 9 11 19 11 9 13 13 20 15 17 18 20 22 11 17 6 11
"066_Group66" 13 16 13 11 10 14 11 13 6 14 9 17 14 19 16 19 15 10 19 16 17 15 13 13 13 15 12 7 8 14
"067_Group67" 12 12 15 12 10 13 15 11 12 15 14 16 18 12 15 19 19 18 12 17 13 8 13 12 22 11 12 12 7 5
"068_Group68" 21 20 6 6 20 5 4 6 13 17 8 12 9 12 7 15 16 11 11 13 9 7 8 13 10 4 10 12 6 9
"069_Group69" 12 13 19 18 16 18 20 16 20 19 22 20 18 13 11 16 16 12 12 27 22 22 19 11 21 23 16 12 21 12
"070_Group70" 9 7 7 9 16 11 8 13 10 9 14 16 26 10 16 13 12 12 12 11 13 16 13 15 15 19 16 16 10 13
"071_Group71" 13 14 14 15 6 10 12 14 10 8 13 7 11 15 15 20 17 15 14 11 23 12 14 14 16 12 15 9 9 14
"072_Group72" 24 14 9 9 9 14 13 14 9 13 13 15 7 8 9 11 8 16 16 16 13 17 20 18 14 14 13 18 12 18
"073_Group73" 15 16 14 14 11 11 9 15 12 9 18 11 13 17 17 19 16 10 11 12 17 11 18 21 12 15 17 19 14 15
"074_Group74" 16 17 14 8 15 11 9 8 4 15 15 10 9 12 15 17 13 9 10 14 20 17 14 19 15 20 26 21 19 21
"075_Group75" 8 11 20 14 14 10 12 12 11 5 7 10 13 9 12 18 14 12 17 19 15 9 12 12 15 21 16 10 15 17
"076_Group76" 24 20 19 11 16 17 7 8 12 13 10 16 15 8 9 15 19 15 18 12 21 12 14 15 24 16 22 22 27 9
"077_Group77" 26 21 10 9 15 5 8 15 10 13 9 15 12 13 16 8 9 14 14 19 16 16 18 20 20 14 12 13 16 22
"078_Group78" 21 17 13 13 9 9 12 12 16 17 14 12 11 14 15 14 12 20 17 14 14 20 20 20 17 19 19 13 20 14
"079_Group79" 19 11 8 12 8 12 8 5 7 9 11 8 13 6 13 19 12 9 12 14 11 11 15 20 17 21 12 11 14 18
"080_Group80" 15 14 11 11 17 12 12 16 18 9 13 14 20 11 16 17 21 21 16 19 16 19 14 20 23 15 16 8 16 12
"081_Group81" 19 14 15 6 9 13 15 10 9 9 13 14 13 22 26 21 23 24 27 14 18 23 13 26 13 12 11 11 17 17
"082_Group82" 16 11 10 9 8 9 10 9 17 12 7 8 11 6 12 17 15 12 19 12 7 20 23 28 24 27 19 22 19 22
"083_Group83" 8 14 16 17 13 9 14 20 13 13 15 15 9 15 16 11 22 19 16 19 16 22 16 16 18 19 13 15 16 16
"084_Group84" 9 16 13 8 13 5 9 18 12 15 14 18 10 14 12 7 15 15 18 16 11 15 9 15 25 17 24 14 17 15
"085_Group85" 14 13 11 16 7 15 16 11 14 10 17 16 20 17 26 19 16 28 26 31 21 22 36 31 31 23 21 30 25 14
"086_Group86" 15 12 7 16 16 12 9 11 11 13 16 12 20 21 17 19 22 23 22 18 20 16 21 18 22 11 17 13 20 17
"087_Group87" 12 13 11 15 11 12 13 11 15 8 14 16 9 10 11 17 20 15 21 21 13 24 30 23 14 23 20 21 19 13
"088_Group88" 13 18 13 17 11 10 13 10 12 10 8 15 7 11 18 15 14 13 17 13 11 17 14 9 15 7 11 12 17 9
"089_Group89" 19 15 8 12 10 6 12 17 12 13 9 12 11 12 13 10 10 20 10 12 16 18 9 14 19 14 12 15 13 12
"090_Group90" 15 11 12 12 16 11 17 10 12 14 17 16 14 19 12 13 19 16 19 16 18 20 14 20 13 12 12 13 16 12
"091_Group91" 12 9 9 13 14 10 14 14 18 14 22 12 17 15 13 12 20 23 23 22 23 26 33 31 19 30 30 18 23 12
"092_Group92" 23 13 9 12 11 12 13 15 11 7 15 12 12 24 14 15 24 21 22 27 26 24 19 21 16 15 22 9 19 13
"093_Group93" 10 13 9 12 14 11 10 15 13 15 12 14 14 13 24 15 12 19 11 15 10 19 20 17 21 17 22 23 16 23
"094_Group94" 16 14 10 10 15 11 12 17 10 17 12 12 15 11 22 14 16 32 19 30 23 20 28 28 17 19 9 8 17 9
"095_Group95" 18 15 11 10 11 9 11 10 7 16 14 14 18 15 11 16 19 24 16 19 14 29 29 30 30 17 19 21 22 16

"<<<<<< Group Activity: Number of wells/group >>>>>>"
Group/Time[m] 2 4 6 8 10 12 14 16 18 20 22 24 26 28 30 32 34 36 38 40 42 44 46 48 50 52 54 56 58 60
"000_Group0" 1 1 1 1 1 1 1 1 1 1 1 1 1 1 1 1 1 1 1 1 1 1 1 1 1 1 1 1 1 1
"001_Group1" 1 1 1 1 1 1 1 1 1 1 1 1 1 1 1 1 1 1 1 1 1 1 1 1 1 1 1 1 1 1
"002_Group2" 1 1 1 1 1 1 1 1 1 1 1 1 1 1 1 1 1 1 1 1 1 1 1 1 1 1 1 1 1 1
"003_Group3" 1 1 1 1 1 1 1 1 1 1 1 1 1 1 1 1 1 1 1 1 1 1 1 1 1 1 1 1 1 1
"004_Group4" 1 1 1 1 1 1 1 1 1 1 1 1 1 1 1 1 1 1 1 1 1 1 1 1 1 1 1 1 1 1
"005_Group5" 1 1 1 1 1 1 1 1 1 1 1 1 1 1 1 1 1 1 1 1 1 1 1 1 1 1 1 1 1 1
"006_Group6" 1 1 1 1 1 1 1 1 1 1 1 1 1 1 1 1 1 1 1 1 1 1 1 1 1 1 1 1 1 1
"007_Group7" 1 1 1 1 1 1 1 1 1 1 1 1 1 1 1 1 1 1 1 1 1 1 1 1 1 1 1 1 1 1
"008_Group8" 1 1 1 1 1 1 1 1 1 1 1 1 1 1 1 1 1 1 1 1 1 1 1 1 1 1 1 1 1 1
"009_Group9" 1 1 1 1 1 1 1 1 1 1 1 1 1 1 1 1 1 1 1 1 1 1 1 1 1 1 1 1 1 1
"010_Group10" 1 1 1 1 1 1 1 1 1 1 1 1 1 1 1 1 1 1 1 1 1 1 1 1 1 1 1 1 1 1
"011_Group11" 1 1 1 1 1 1 1 1 1 1 1 1 1 1 1 1 1 1 1 1 1 1 1 1 1 1 1 1 1 1
"012_Group12" 1 1 1 1 1 1 1 1 1 1 1 1 1 1 1 1 1 1 1 1 1 1 1 1 1 1 1 1 1 1
"013_Group13" 1 1 1 1 1 1 1 1 1 1 1 1 1 1 1 1 1 1 1 1 1 1 1 1 1 1 1 1 1 1
"014_Group14" 1 1 1 1 1 1 1 1 1 1 1 1 1 1 1 1 1 1 1 1 1 1 1 1 1 1 1 1 1 1
"015_Group15" 1 1 1 1 1 1 1 1 1 1 1 1 1 1 1 1 1 1 1 1 1 1 1 1 1 1 1 1 1 1
"016_Group16" 1 1 1 1 1 1 1 1 1 1 1 1 1 1 1 1 1 1 1 1 1 1 1 1 1 1 1 1 1 1
"017_Group17" 1 1 1 1 1 1 1 1 1 1 1 1 1 1 1 1 1 1 1 1 1 1 1 1 1 1 1 1 1 1
"018_Group18" 1 1 1 1 1 1 1 1 1 1 1 1 1 1 1 1 1 1 1 1 1 1 1 1 1 1 1 1 1 1
"019_Group19" 1 1 1 1 1 1 1 1 1 1 1 1 1 1 1 1 1 1 1 1 1 1 1 1 1 1 1 1 1 1
"020_Group20" 1 1 1 1 1 1 1 1 1 1 1 1 1 1 1 1 1 1 1 1 1 1 1 1 1 1 1 1 1 1
"021_Group21" 1 1 1 1 1 1 1 1 1 1 1 1 1 1 1 1 1 1 1 1 1 1 1 1 1 1 1 1 1 1
"022_Group22" 1 1 1 1 1 1 1 1 1 1 1 1 1 1 1 1 1 1 1 1 1 1 1 1 1 1 1 1 1 1
"023_Group23" 1 1 1 1 1 1 1 1 1 1 1 1 1 1 1 1 1 1 1 1 1 1 1 1 1 1 1 1 1 1
"024_Group24" 1 1 1 1 1 1 1 1 1 1 1 1 1 1 1 1 1 1 1 1 1 1 1 1 1 1 1 1 1 1
"025_Group25" 1 1 1 1 1 1 1 1 1 1 1 1 1 1 1 1 1 1 1 1 1 1 1 1 1 1 1 1 1 1
"026_Group26" 1 1 1 1 1 1 1 1 1 1 1 1 1 1 1 1 1 1 1 1 1 1 1 1 1 1 1 1 1 1
"027_Group27" 1 1 1 1 1 1 1 1 1 1 1 1 1 1 1 1 1 1 1 1 1 1 1 1 1 1 1 1 1 1
"028_Group28" 1 1 1 1 1 1 1 1 1 1 1 1 1 1 1 1 1 1 1 1 1 1 1 1 1 1 1 1 1 1
"029_Group29" 1 1 1 1 1 1 1 1 1 1 1 1 1 1 1 1 1 1 1 1 1 1 1 1 1 1 1 1 1 1
"030_Group30" 1 1 1 1 1 1 1 1 1 1 1 1 1 1 1 1 1 1 1 1 1 1 1 1 1 1 1 1 1 1
"031_Group31" 1 1 1 1 1 1 1 1 1 1 1 1 1 1 1 1 1 1 1 1 1 1 1 1 1 1 1 1 1 1
"032_Group32" 1 1 1 1 1 1 1 1 1 1 1 1 1 1 1 1 1 1 1 1 1 1 1 1 1 1 1 1 1 1
"033_Group33" 1 1 1 1 1 1 1 1 1 1 1 1 1 1 1 1 1 1 1 1 1 1 1 1 1 1 1 1 1 1
"034_Group34" 1 1 1 1 1 1 1 1 1 1 1 1 1 1 1 1 1 1 1 1 1 1 1 1 1 1 1 1 1 1
"035_Group35" 1 1 1 1 1 1 1 1 1 1 1 1 1 1 1 1 1 1 1 1 1 1 1 1 1 1 1 1 1 1
"036_Group36" 1 1 1 1 1 1 1 1 1 1 1 1 1 1 1 1 1 1 1 1 1 1 1 1 1 1 1 1 1 1
"037_Group37" 1 1 1 1 1 1 1 1 1 1 1 1 1 1 1 1 1 1 1 1 1 1 1 1 1 1 1 1 1 1
"038_Group38" 1 1 1 1 1 1 1 1 1 1 1 1 1 1 1 1 1 1 1 1 1 1 1 1 1 1 1 1 1 1
"039_Group39" 1 1 1 1 1 1 1 1 1 1 1 1 1 1 1 1 1 1 1 1 1 1 1 1 1 1 1 1 1 1
"040_Group40" 1 1 1 1 1 1 1 1 1 1 1 1 1 1 1 1 1 1 1 1 1 1 1 1 1 1 1 1 1 1
"041_Group41" 1 1 1 1 1 1 1 1 1 1 1 1 1 1 1 1 1 1 1 1 1 1 1 1 1 1 1 1 1 1
"042_Group42" 1 1 1 1 1 1 1 1 1 1 1 1 1 1 1 1 1 1 1 1 1 1 1 1 1 1 1 1 1 1
"043_Group43" 1 1 1 1 1 1 1 1 1 1 1 1 1 1 1 1 1 1 1 1 1 1 1 1 1 1 1 1 1 1
"044_Group44" 1 1 1 1 1 1 1 1 1 1 1 1 1 1 1 1 1 1 1 1 1 1 1 1 1 1 1 1 1 1
"045_Group45" 1 1 1 1 1 1 1 1 1 1 1 1 1 1 1 1 1 1 1 1 1 1 1 1 1 1 1 1 1 1
"046_Group46" 1 1 1 1 1 1 1 1 1 1 1 1 1 1 1 1 1 1 1 1 1 1 1 1 1 1 1 1 1 1
"047_Group47" 1 1 1 1 1 1 1 1 1 1 1 1 1 1 1 1 1 1 1 1 1 1 1 1 1 1 1 1 1 1
"048_Group48" 1 1 1 1 1 1 1 1 1 1 1 1 1 1 1 1 1 1 1 1 1 1 1 1 1 1 1 1 1 1
"049_Group49" 1 1 1 1 1 1 1 1 1 1 1 1 1 1 1 1 1 1 1 1 1 1 1 1 1 1 1 1 1 1
"050_Group50" 1 1 1 1 1 1 1 1 1 1 1 1 1 1 1 1 1 1 1 1 1 1 1 1 1 1 1 1 1 1
"051_Group51" 1 1 1 1 1 1 1 1 1 1 1 1 1 1 1 1 1 1 1 1 1 1 1 1 1 1 1 1 1 1
"052_Group52" 1 1 1 1 1 1 1 1 1 1 1 1 1 1 1 1 1 1 1 1 1 1 1 1 1 1 1 1 1 1
"053_Group53" 1 1 1 1 1 1 1 1 1 1 1 1 1 1 1 1 1 1 1 1 1 1 1 1 1 1 1 1 1 1
"054_Group54" 1 1 1 1 1 1 1 1 1 1 1 1 1 1 1 1 1 1 1 1 1 1 1 1 1 1 1 1 1 1
"055_Group55" 1 1 1 1 1 1 1 1 1 1 1 1 1 1 1 1 1 1 1 1 1 1 1 1 1 1 1 1 1 1
"056_Group56" 1 1 1 1 1 1 1 1 1 1 1 1 1 1 1 1 1 1 1 1 1 1 1 1 1 1 1 1 1 1
"057_Group57" 1 1 1 1 1 1 1 1 1 1 1 1 1 1 1 1 1 1 1 1 1 1 1 1 1 1 1 1 1 1
"058_Group58" 1 1 1 1 1 1 1 1 1 1 1 1 1 1 1 1 1 1 1 1 1 1 1 1 1 1 1 1 1 1
"059_Group59" 1 1 1 1 1 1 1 1 1 1 1 1 1 1 1 1 1 1 1 1 1 1 1 1 1 1 1 1 1 1
"060_Group60" 1 1 1 1 1 1 1 1 1 1 1 1 1 1 1 1 1 1 1 1 1 1 1 1 1 1 1 1 1 1
"061_Group61" 1 1 1 1 1 1 1 1 1 1 1 1 1 1 1 1 1 1 1 1 1 1 1 1 1 1 1 1 1 1
"062_Group62" 1 1 1 1 1 1 1 1 1 1 1 1 1 1 1 1 1 1 1 1 1 1 1 1 1 1 1 1 1 1
"063_Group63" 1 1 1 1 1 1 1 1 1 1 1 1 1 1 1 1 1 1 1 1 1 1 1 1 1 1 1 1 1 1
"064_Group64" 1 1 1 1 1 1 1 1 1 1 1 1 1 1 1 1 1 1 1 1 1 1 1 1 1 1 1 1 1 1
"065_Group65" 1 1 1 1 1 1 1 1 1 1 1 1 1 1 1 1 1 1 1 1 1 1 1 1 1 1 1 1 1 1
"066_Group66" 1 1 1 1 1 1 1 1 1 1 1 1 1 1 1 1 1 1 1 1 1 1 1 1 1 1 1 1 1 1
"067_Group67" 1 1 1 1 1 1 1 1 1 1 1 1 1 1 1 1 1 1 1 1 1 1 1 1 1 1 1 1 1 1
"068_Group68" 1 1 1 1 1 1 1 1 1 1 1 1 1 1 1 1 1 1 1 1 1 1 1 1 1 1 1 1 1 1
"069_Group69" 1 1 1 1 1 1 1 1 1 1 1 1 1 1 1 1 1 1 1 1 1 1 1 1 1 1 1 1 1 1
"070_Group70" 1 1 1 1 1 1 1 1 1 1 1 1 1 1 1 1 1 1 1 1 1 1 1 1 1 1 1 1 1 1
"071_Group71" 1 1 1 1 1 1 1 1 1 1 1 1 1 1 1 1 1 1 1 1 1 1 1 1 1 1 1 1 1 1
"072_Group72" 1 1 1 1 1 1 1 1 1 1 1 1 1 1 1 1 1 1 1 1 1 1 1 1 1 1 1 1 1 1
"073_Group73" 1 1 1 1 1 1 1 1 1 1 1 1 1 1 1 1 1 1 1 1 1 1 1 1 1 1 1 1 1 1
"074_Group74" 1 1 1 1 1 1 1 1 1 1 1 1 1 1 1 1 1 1 1 1 1 1 1 1 1 1 1 1 1 1
"075_Group75" 1 1 1 1 1 1 1 1 1 1 1 1 1 1 1 1 1 1 1 1 1 1 1 1 1 1 1 1 1 1
"076_Group76" 1 1 1 1 1 1 1 1 1 1 1 1 1 1 1 1 1 1 1 1 1 1 1 1 1 1 1 1 1 1
"077_Group77" 1 1 1 1 1 1 1 1 1 1 1 1 1 1 1 1 1 1 1 1 1 1 1 1 1 1 1 1 1 1
"078_Group78" 1 1 1 1 1 1 1 1 1 1 1 1 1 1 1 1 1 1 1 1 1 1 1 1 1 1 1 1 1 1
"079_Group79" 1 1 1 1 1 1 1 1 1 1 1 1 1 1 1 1 1 1 1 1 1 1 1 1 1 1 1 1 1 1
"080_Group80" 1 1 1 1 1 1 1 1 1 1 1 1 1 1 1 1 1 1 1 1 1 1 1 1 1 1 1 1 1 1
"081_Group81" 1 1 1 1 1 1 1 1 1 1 1 1 1 1 1 1 1 1 1 1 1 1 1 1 1 1 1 1 1 1
"082_Group82" 1 1 1 1 1 1 1 1 1 1 1 1 1 1 1 1 1 1 1 1 1 1 1 1 1 1 1 1 1 1
"083_Group83" 1 1 1 1 1 1 1 1 1 1 1 1 1 1 1 1 1 1 1 1 1 1 1 1 1 1 1 1 1 1
"084_Group84" 1 1 1 1 1 1 1 1 1 1 1 1 1 1 1 1 1 1 1 1 1 1 1 1 1 1 1 1 1 1
"085_Group85" 1 1 1 1 1 1 1 1 1 1 1 1 1 1 1 1 1 1 1 1 1 1 1 1 1 1 1 1 1 1
"086_Group86" 1 1 1 1 1 1 1 1 1 1 1 1 1 1 1 1 1 1 1 1 1 1 1 1 1 1 1 1 1 1
"087_Group87" 1 1 1 1 1 1 1 1 1 1 1 1 1 1 1 1 1 1 1 1 1 1 1 1 1 1 1 1 1 1
"088_Group88" 1 1 1 1 1 1 1 1 1 1 1 1 1 1 1 1 1 1 1 1 1 1 1 1 1 1 1 1 1 1
"089_Group89" 1 1 1 1 1 1 1 1 1 1 1 1 1 1 1 1 1 1 1 1 1 1 1 1 1 1 1 1 1 1
"090_Group90" 1 1 1 1 1 1 1 1 1 1 1 1 1 1 1 1 1 1 1 1 1 1 1 1 1 1 1 1 1 1
"091_Group91" 1 1 1 1 1 1 1 1 1 1 1 1 1 1 1 1 1 1 1 1 1 1 1 1 1 1 1 1 1 1
"092_Group92" 1 1 1 1 1 1 1 1 1 1 1 1 1 1 1 1 1 1 1 1 1 1 1 1 1 1 1 1 1 1
"093_Group93" 1 1 1 1 1 1 1 1 1 1 1 1 1 1 1 1 1 1 1 1 1 1 1 1 1 1 1 1 1 1
"094_Group94" 1 1 1 1 1 1 1 1 1 1 1 1 1 1 1 1 1 1 1 1 1 1 1 1 1 1 1 1 1 1
"095_Group95" 1 1 1 1 1 1 1 1 1 1 1 1 1 1 1 1 1 1 1 1 1 1 1 1 1 1 1 1 1 1

"<<<<<< Number of Samples per Acquisition Interval [1unit=500values] >>>>>>"
Time[m] 2 4 6 8 10 12 14 16 18 20 22 24 26 28 30 32 34 36 38 40 42 44 46 48 50 52 54 56 58 60 
#Samples 2 2 2 2 2 2 2 2 2 2 2 2 2 2 2 2 2 2 2 2 2 2 2 2 2 2 2 2 2 2 

"<<<<<< Average Temperature [°C] >>>>>>"
Time[m] 2 4 6 8 10 12 14 16 18 20 22 24 26 28 30 32 34 36 38 40 42 44 46 48 50 52 54 56 58 60 
Temp[°C] 20.7 20.7 20.7 20.7 20.7 20.6 20.6 20.5 20.5 20.5 20.5 20.5 20.5 20.5 20.5 20.5 20.5 20.5 20.5 20.5 20.5 20.5 20.5 20.4 20.3 20.4 20.5 20.3 20.3 20.3 

"<<<<<< Well Activity >>>>>>"
Well Group/Time[m] 2 4 6 8 10 12 14 16 18 20 22 24 26 28 30 32 34 36 38 40 42 44 46 48 50 52 54 56 58 60
A1 "000_Group0" 12 11 8 11 17 12 8 10 6 11 7 9 13 17 9 15 12 14 12 13 15 10 8 14 10 16 10 10 7 7
B1 "001_Group1" 10 11 13 13 8 14 16 13 16 20 10 16 12 12 15 13 10 16 20 11 15 22 21 22 15 16 28 23 10 9
C1 "002_Group2" 14 14 15 12 9 10 10 12 17 13 11 8 21 14 16 14 17 15 11 16 11 14 16 12 11 17 17 12 9 6
D1 "003_Group3" 7 11 6 11 6 6 12 11 14 14 16 11 17 15 8 10 17 19 21 18 7 15 12 16 12 7 6 15 7 12
E1 "004_Group4" 12 14 13 12 10 9 7 11 14 12 19 18 13 19 17 15 17 18 20 22 12 19 13 15 16 13 11 14 14 12
F1 "005_Group5" 8 13 6 11 12 7 9 11 9 8 10 12 11 13 16 15 12 17 17 17 17 16 17 19 19 20 21 11 17 19
G1 "006_Group6" 15 16 18 16 7 14 14 19 12 15 16 14 15 15 17 21 17 12 13 13 11 12 14 12 9 14 22 12 13 18
H1 "007_Group7" 15 12 6 12 13 14 12 15 13 15 14 13 15 22 18 15 17 21 17 21 15 15 23 18 16 17 24 14 18 11
A2 "008_Group8" 10 11 14 16 12 12 10 10 9 6 6 13 9 12 12 8 9 11 9 8 6 6 10 5 7 5 13 13 16 6
B2 "009_Group9" 18 11 13 14 13 9 12 5 5 6 13 10 12 15 16 16 12 16 12 11 16 15 15 13 11 18 19 20 15 11
C2 "010_Group10" 10 13 9 7 11 17 8 12 11 6 11 11 6 13 13 14 10 9 12 7 8 11 10 13 14 14 7 12 10 12
D2 "011_Group11" 15 11 10 16 23 12 11 8 11 11 8 12 14 19 19 14 14 26 26 13 11 11 15 20 12 9 14 9 17 11
E2 "012_Group12" 14 13 10 16 16 7 14 17 14 9 13 8 6 12 15 11 13 12 14 11 13 11 10 8 10 14 15 19 9 10
F2 "013_Group13" 5 12 12 12 9 8 14 8 10 8 15 20 18 17 9 16 17 14 9 12 11 20 13 15 12 14 14 8 10 18
G2 "014_Group14" 9 15 12 8 7 11 9 9 12 11 10 9 10 10 15 15 16 15 15 12 7 8 12 12 12 12 8 12 21 12
H2 "015_Group15" 12 17 14 10 8 14 12 9 9 6 9 16 20 9 12 15 15 14 14 16 14 20 12 18 9 14 8 9 6 7
A3 "016_Group16" 17 11 12 7 9 9 11 15 10 10 7 15 9 13 10 17 10 20 12 13 13 13 14 20 16 20 16 21 18 18
B3 "017_Group17" 17 10 7 10 8 11 15 8 10 10 5 11 12 14 15 15 9 9 18 14 13 14 8 16 6 17 13 15 15 17
C3 "018_Group18" 20 18 14 9 10 6 7 11 9 9 10 11 13 19 20 10 8 11 14 13 11 16 9 11 17 11 14 13 20 22
D3 "019_Group19" 14 20 12 15 15 13 8 9 11 10 12 13 14 12 13 15 10 16 10 4 15 19 17 10 15 18 12 15 24 21
E3 "020_Group20" 19 17 13 18 13 15 12 10 12 15 18 15 13 18 12 17 16 19 18 21 16 22 23 20 23 17 17 19 22 9
F3 "021_Group21" 14 8 9 12 7 14 9 10 6 8 6 13 11 14 9 15 12 10 19 16 21 18 21 12 21 21 17 18 22 13
G3 "022_Group22" 19 23 13 10 20 12 12 8 14 10 13 11 10 12 12 9 9 11 14 18 15 21 15 21 28 19 21 25 26 15
H3 "023_Group23" 9 17 14 10 11 18 11 12 12 14 9 12 15 17 15 14 15 15 11 23 15 14 18 16 23 14 18 26 15 19
A4 "024_Group24" 9 7 7 7 5 12 10 6 8 8 7 17 15 10 8 10 11 13 12 10 13 10 9 3 5 6 9 11 7 4
B4 "025_Group25" 17 11 9 10 6 7 6 5 15 8 13 11 13 9 8 4 10 9 9 9 15 10 11 11 12 8 16 5 7 14
C4 "026_Group26" 10 12 16 9 12 11 10 9 6 5 11 13 15 12 10 15 11 11 12 13 15 14 14 12 13 12 18 13 13 9
D4 "027_Group27" 9 13 15 8 13 11 7 9 10 9 11 7 8 13 12 11 11 13 17 16 18 13 13 7 15 9 13 16 14 16
E4 "028_Group28" 10 16 22 18 24 14 10 11 19 11 9 13 13 20 13 18 16 13 15 23 20 17 14 10 18 16 10 8 11 14
F4 "029_Group29" 16 13 8 7 13 11 16 7 4 7 6 11 11 6 9 11 13 17 14 15 9 12 8 9 9 12 16 9 11 11
G4 "030_Group30" 15 16 10 7 9 12 7 7 5 5 15 12 11 12 11 10 12 15 14 11 13 10 14 14 8 10 13 16 10 7
H4 "031_Group31" 12 9 6 10 14 7 8 8 7 8 10 9 9 8 9 9 7 10 18 17 9 10 9 4 12 13 10 10 10 17
A5 "032_Group32" 21 12 15 15 13 15 14 11 15 13 11 19 12 7 14 10 14 21 22 22 11 7 19 22 22 16 12 11 27 13
B5 "033_Group33" 18 9 6 7 7 8 7 8 12 10 7 10 20 9 12 16 25 13 15 16 16 10 13 6 26 13 15 11 18 12
C5 "034_Group34" 15 14 8 11 11 13 11 5 14 11 9 10 15 10 11 10 10 12 20 12 14 20 15 14 16 14 14 14 9 9
D5 "035_Group35" 23 22 11 11 12 12 9 13 8 10 16 14 17 18 12 10 12 17 12 14 17 20 12 20 23 22 23 19 19 20
E5 "036_Group36" 19 22 10 10 15 12 9 11 12 11 11 19 18 12 12 18 14 12 12 16 15 11 18 10 18 15 12 15 15 11
F5 "037_Group37" 11 18 17 13 13 10 9 7 9 8 9 6 9 11 9 11 15 18 8 12 13 10 14 16 15 15 13 15 11 11
G5 "038_Group38" 24 17 15 12 11 6 7 8 7 7 13 12 12 12 15 13 14 12 15 15 20 14 16 16 15 17 23 16 11 5
H5 "039_Group39" 22 16 10 13 13 10 12 15 17 12 12 20 16 15 13 25 14 16 11 15 11 22 14 16 17 16 17 11 11 14
A6 "040_Group40" 15 12 9 10 8 7 5 11 20 19 12 19 13 14 11 17 12 12 13 17 23 19 24 24 22 21 19 21 20 11
B6 "041_Group41" 11 8 9 9 10 8 9 11 9 5 7 11 12 10 8 9 15 13 13 11 16 5 13 9 9 7 7 13 11 13
C6 "042_Group42" 15 18 9 14 14 8 12 15 16 13 21 16 14 11 15 19 20 12 13 13 15 10 13 10 11 8 13 17 16 18
D6 "043_Group43" 18 13 20 13 8 12 16 11 10 10 10 14 17 14 22 13 18 18 29 26 26 16 22 30 23 29 15 20 14 20
E6 "044_Group44" 15 10 10 15 6 9 10 10 13 8 12 13 11 10 13 10 15 11 14 30 23 20 23 17 28 16 20 18 17 18
F6 "045_Group45" 16 15 13 14 20 7 12 13 21 21 15 10 17 21 21 9 14 20 16 22 15 11 9 9 17 15 12 8 14 10
G6 "046_Group46" 11 12 14 10 12 10 8 10 11 12 15 18 15 20 10 16 17 10 11 9 12 6 13 20 12 11 9 9 9 13
H6 "047_Group47" 14 7 9 12 5 8 10 13 11 13 10 10 9 11 10 14 11 9 8 12 8 7 13 6 7 15 17 14 13 12
A7 "048_Group48" 15 9 13 8 15 10 11 11 17 18 13 11 16 10 10 18 20 9 16 13 17 12 11 19 10 15 9 11 10 13
B7 "049_Group49" 17 17 7 9 5 6 7 8 12 13 17 7 10 14 9 9 8 9 11 11 13 12 13 14 17 12 15 8 13 7
C7 "050_Group50" 14 8 10 12 14 17 8 8 7 9 11 13 11 16 15 17 14 11 11 14 27 21 31 17 18 23 21 27 6 11
D7 "051_Group51" 13 17 11 7 9 12 12 17 13 15 14 15 19 13 13 13 10 9 17 15 15 16 9 23 15 13 18 19 18 11
E7 "052_Group52" 8 10 13 9 11 11 13 13 17 16 14 17 10 11 16 9 7 16 12 12 21 15 18 10 10 12 17 21 11 11
F7 "053_Group53" 12 9 7 5 10 14 10 9 12 18 8 10 14 15 10 19 18 13 17 16 18 15 9 14 22 16 18 10 15 11
G7 "054_Group54" 19 8 8 10 11 14 11 11 15 7 12 17 15 10 8 11 13 13 12 14 15 15 15 11 11 9 11 10 7 15
H7 "055_Group55" 12 17 13 13 12 13 14 10 15 14 19 15 18 12 10 16 21 25 28 14 22 30 14 13 9 8 18 19 20 9
A8 "056_Group56" 14 10 10 19 14 8 11 12 15 13 9 7 8 10 11 10 13 11 15 13 9 11 15 15 19 10 16 19 18 6
B8 "057_Group57" 8 11 6 10 13 9 10 5 10 5 11 11 10 7 8 13 11 16 8 14 16 14 11 9 15 11 10 14 8 16
C8 "058_Group58" 10 8 6 9 10 11 17 7 7 7 8 10 9 21 14 18 15 22 7 14 22 25 21 19 20 17 16 9 16 8
D8 "059_Group59" 20 13 11 6 13 10 9 12 10 10 12 15 11 14 15 21 16 21 28 19 20 25 18 10 16 18 14 15 18 9
E8 "060_Group60" 12 11 12 10 6 12 14 13 12 11 10 14 15 8 12 17 19 20 17 12 15 17 15 11 9 13 13 17 14 9
F8 "061_Group61" 14 14 9 12 10 9 7 12 13 6 10 11 12 19 11 9 12 12 7 11 9 13 15 19 10 11 17 11 21 11
G8 "062_Group62" 20 19 19 10 11 13 12 12 14 9 12 13 12 12 13 9 12 15 15 16 14 14 10 14 20 15 8 13 13 11
H8 "063_Group63" 13 14 10 12 13 15 13 7 15 12 13 12 8 15 9 11 9 9 17 13 17 13 11 14 16 15 19 19 26 20
A9 "064_Group64" 13 9 13 8 10 10 6 10 8 9 12 9 10 9 13 16 17 16 21 19 12 10 15 8 15 7 8 8 16 19
B9 "065_Group65" 9 13 10 14 7 9 12 4 11 11 14 9 8 9 11 19 11 9 13 13 20 15 17 18 20 22 11 17 6 11
C9 "066_Group66" 13 16 13 11 10 14 11 13 6 14 9 17 14 19 16 19 15 10 19 16 17 15 13 13 13 15 12 7 8 14
D9 "067_Group67" 12 12 15 12 10 13 15 11 12 15 14 16 18 12 15 19 19 18 12 17 13 8 13 12 22 11 12 12 7 5
E9 "068_Group68" 21 20 6 6 20 5 4 6 13 17 8 12 9 12 7 15 16 11 11 13 9 7 8 13 10 4 10 12 6 9
F9 "069_Group69" 12 13 19 18 16 18 20 16 20 19 22 20 18 13 11 16 16 12 12 27 22 22 19 11 21 23 16 12 21 12
G9 "070_Group70" 9 7 7 9 16 11 8 13 10 9 14 16 26 10 16 13 12 12 12 11 13 16 13 15 15 19 16 16 10 13
H9 "071_Group71" 13 14 14 15 6 10 12 14 10 8 13 7 11 15 15 20 17 15 14 11 23 12 14 14 16 12 15 9 9 14
A10 "072_Group72" 24 14 9 9 9 14 13 14 9 13 13 15 7 8 9 11 8 16 16 16 13 17 20 18 14 14 13 18 12 18
B10 "073_Group73" 15 16 14 14 11 11 9 15 12 9 18 11 13 17 17 19 16 10 11 12 17 11 18 21 12 15 17 19 14 15
C10 "074_Group74" 16 17 14 8 15 11 9 8 4 15 15 10 9 12 15 17 13 9 10 14 20 17 14 19 15 20 26 21 19 21
D10 "075_Group75" 8 11 20 14 14 10 12 12 11 5 7 10 13 9 12 18 14 12 17 19 15 9 12 12 15 21 16 10 15 17
E10 "076_Group76" 24 20 19 11 16 17 7 8 12 13 10 16 15 8 9 15 19 15 18 12 21 12 14 15 24 16 22 22 27 9
F10 "077_Group77" 26 21 10 9 15 5 8 15 10 13 9 15 12 13 16 8 9 14 14 19 16 16 18 20 20 14 12 13 16 22
G10 "078_Group78" 21 17 13 13 9 9 12 12 16 17 14 12 11 14 15 14 12 20 17 14 14 20 20 20 17 19 19 13 20 14
H10 "079_Group79" 19 11 8 12 8 12 8 5 7 9 11 8 13 6 13 19 12 9 12 14 11 11 15 20 17 21 12 11 14 18
A11 "080_Group80" 15 14 11 11 17 12 12 16 18 9 13 14 20 11 16 17 21 21 16 19 16 19 14 20 23 15 16 8 16 12
B11 "081_Group81" 19 14 15 6 9 13 15 10 9 9 13 14 13 22 26 21 23 24 27 14 18 23 13 26 13 12 11 11 17 17
C11 "082_Group82" 16 11 10 9 8 9 10 9 17 12 7 8 11 6 12 17 15 12 19 12 7 20 23 28 24 27 19 22 19 22
D11 "083_Group83" 8 14 16 17 13 9 14 20 13 13 15 15 9 15 16 11 22 19 16 19 16 22 16 16 18 19 13 15 16 16
E11 "084_Group84" 9 16 13 8 13 5 9 18 12 15 14 18 10 14 12 7 15 15 18 16 11 15 9 15 25 17 24 14 17 15
F11 "085_Group85" 14 13 11 16 7 15 16 11 14 10 17 16 20 17 26 19 16 28 26 31 21 22 36 31 31 23 21 30 25 14
G11 "086_Group86" 15 12 7 16 16 12 9 11 11 13 16 12 20 21 17 19 22 23 22 18 20 16 21 18 22 11 17 13 20 17
H11 "087_Group87" 12 13 11 15 11 12 13 11 15 8 14 16 9 10 11 17 20 15 21 21 13 24 30 23 14 23 20 21 19 13
A12 "088_Group88" 13 18 13 17 11 10 13 10 12 10 8 15 7 11 18 15 14 13 17 13 11 17 14 9 15 7 11 12 17 9
B12 "089_Group89" 19 15 8 12 10 6 12 17 12 13 9 12 11 12 13 10 10 20 10 12 16 18 9 14 19 14 12 15 13 12
C12 "090_Group90" 15 11 12 12 16 11 17 10 12 14 17 16 14 19 12 13 19 16 19 16 18 20 14 20 13 12 12 13 16 12
D12 "091_Group91" 12 9 9 13 14 10 14 14 18 14 22 12 17 15 13 12 20 23 23 22 23 26 33 31 19 30 30 18 23 12
E12 "092_Group92" 23 13 9 12 11 12 13 15 11 7 15 12 12 24 14 15 24 21 22 27 26 24 19 21 16 15 22 9 19 13
F12 "093_Group93" 10 13 9 12 14 11 10 15 13 15 12 14 14 13 24 15 12 19 11 15 10 19 20 17 21 17 22 23 16 23
G12 "094_Group94" 16 14 10 10 15 11 12 17 10 17 12 12 15 11 22 14 16 32 19 30 23 20 28 28 17 19 9 8 17 9
H12 "095_Group95" 18 15 11 10 11 9 11 10 7 16 14 14 18 15 11 16 19 24 16 19 14 29 29 30 30 17 19 21 22 16

"<<<<<< Channel Activity >>>>>>"
Channel Well Group/Time[m] 2 4 6 8 10 12 14 16 18 20 22 24 26 28 30 32 34 36 38 40 42 44 46 48 50 52 54 56 58 60
CH0 A1.0 "000_Group0" 12 11 8 11 17 12 8 10 6 11 7 9 13 17 9 15 12 14 12 13 15 10 8 14 10 16 10 10 7 7
CH2 B1.0 "001_Group1" 10 11 13 13 8 14 16 13 16 20 10 16 12 12 15 13 10 16 20 11 15 22 21 22 15 16 28 23 10 9
CH4 C1.0 "002_Group2" 14 14 15 12 9 10 10 12 17 13 11 8 21 14 16 14 17 15 11 16 11 14 16 12 11 17 17 12 9 6
CH6 D1.0 "003_Group3" 7 11 6 11 6 6 12 11 14 14 16 11 17 15 8 10 17 19 21 18 7 15 12 16 12 7 6 15 7 12
CH8 E1.0 "004_Group4" 12 14 13 12 10 9 7 11 14 12 19 18 13 19 17 15 17 18 20 22 12 19 13 15 16 13 11 14 14 12
CH10 F1.0 "005_Group5" 8 13 6 11 12 7 9 11 9 8 10 12 11 13 16 15 12 17 17 17 17 16 17 19 19 20 21 11 17 19
CH12 G1.0 "006_Group6" 15 16 18 16 7 14 14 19 12 15 16 14 15 15 17 21 17 12 13 13 11 12 14 12 9 14 22 12 13 18
CH14 H1.0 "007_Group7" 15 12 6 12 13 14 12 15 13 15 14 13 15 22 18 15 17 21 17 21 15 15 23 18 16 17 24 14 18 11
CH32 A2.0 "008_Group8" 10 11 14 16 12 12 10 10 9 6 6 13 9 12 12 8 9 11 9 8 6 6 10 5 7 5 13 13 16 6
CH34 B2.0 "009_Group9" 18 11 13 14 13 9 12 5 5 6 13 10 12 15 16 16 12 16 12 11 16 15 15 13 11 18 19 20 15 11
CH36 C2.0 "010_Group10" 10 13 9 7 11 17 8 12 11 6 11 11 6 13 13 14 10 9 12 7 8 11 10 13 14 14 7 12 10 12
CH38 D2.0 "011_Group11" 15 11 10 16 23 12 11 8 11 11 8 12 14 19 19 14 14 26 26 13 11 11 15 20 12 9 14 9 17 11
CH40 E2.0 "012_Group12" 14 13 10 16 16 7 14 17 14 9 13 8 6 12 15 11 13 12 14 11 13 11 10 8 10 14 15 19 9 10
CH42 F2.0 "013_Group13" 5 12 12 12 9 8 14 8 10 8 15 20 18 17 9 16 17 14 9 12 11 20 13 15 12 14 14 8 10 18
CH44 G2.0 "014_Group14" 9 15 12 8 7 11 9 9 12 11 10 9 10 10 15 15 16 15 15 12 7 8 12 12 12 12 8 12 21 12
CH46 H2.0 "015_Group15" 12 17 14 10 8 14 12 9 9 6 9 16 20 9 12 15 15 14 14 16 14 20 12 18 9 14 8 9 6 7
CH64 A3.0 "016_Group16" 17 11 12 7 9 9 11 15 10 10 7 15 9 13 10 17 10 20 12 13 13 13 14 20 16 20 16 21 18 18
CH66 B3.0 "017_Group17" 17 10 7 10 8 11 15 8 10 10 5 11 12 14 15 15 9 9 18 14 13 14 8 16 6 17 13 15 15 17
CH68 C3.0 "018_Group18" 20 18 14 9 10 6 7 11 9 9 10 11 13 19 20 10 8 11 14 13 11 16 9 11 17 11 14 13 20 22
CH70 D3.0 "019_Group19" 14 20 12 15 15 13 8 9 11 10 12 13 14 12 13 15 10 16 10 4 15 19 17 10 15 18 12 15 24 21
CH72 E3.0 "020_Group20" 19 17 13 18 13 15 12 10 12 15 18 15 13 18 12 17 16 19 18 21 16 22 23 20 23 17 17 19 22 9
CH74 F3.0 "021_Group21" 14 8 9 12 7 14 9 10 6 8 6 13 11 14 9 15 12 10 19 16 21 18 21 12 21 21 17 18 22 13
CH76 G3.0 "022_Group22" 19 23 13 10 20 12 12 8 14 10 13 11 10 12 12 9 9 11 14 18 15 21 15 21 28 19 21 25 26 15
CH78 H3.0 "023_Group23" 9 17 14 10 11 18 11 12 12 14 9 12 15 17 15 14 15 15 11 23 15 14 18 16 23 14 18 26 15 19
CH96 A4.0 "024_Group24" 9 7 7 7 5 12 10 6 8 8 7 17 15 10 8 10 11 13 12 10 13 10 9 3 5 6 9 11 7 4
CH98 B4.0 "025_Group25" 17 11 9 10 6 7 6 5 15 8 13 11 13 9 8 4 10 9 9 9 15 10 11 11 12 8 16 5 7 14
CH100 C4.0 "026_Group26" 10 12 16 9 12 11 10 9 6 5 11 13 15 12 10 15 11 11 12 13 15 14 14 12 13 12 18 13 13 9
CH102 D4.0 "027_Group27" 9 13 15 8 13 11 7 9 10 9 11 7 8 13 12 11 11 13 17 16 18 13 13 7 15 9 13 16 14 16
CH104 E4.0 "028_Group28" 10 16 22 18 24 14 10 11 19 11 9 13 13 20 13 18 16 13 15 23 20 17 14 10 18 16 10 8 11 14
CH106 F4.0 "029_Group29" 16 13 8 7 13 11 16 7 4 7 6 11 11 6 9 11 13 17 14 15 9 12 8 9 9 12 16 9 11 11
CH108 G4.0 "030_Group30" 15 16 10 7 9 12 7 7 5 5 15 12 11 12 11 10 12 15 14 11 13 10 14 14 8 10 13 16 10 7
CH110 H4.0 "031_Group31" 12 9 6 10 14 7 8 8 7 8 10 9 9 8 9 9 7 10 18 17 9 10 9 4 12 13 10 10 10 17
CH128 A5.0 "032_Group32" 21 12 15 15 13 15 14 11 15 13 11 19 12 7 14 10 14 21 22 22 11 7 19 22 22 16 12 11 27 13
CH130 B5.0 "033_Group33" 18 9 6 7 7 8 7 8 12 10 7 10 20 9 12 16 25 13 15 16 16 10 13 6 26 13 15 11 18 12
CH132 C5.0 "034_Group34" 15 14 8 11 11 13 11 5 14 11 9 10 15 10 11 10 10 12 20 12 14 20 15 14 16 14 14 14 9 9
CH134 D5.0 "035_Group35" 23 22 11 11 12 12 9 13 8 10 16 14 17 18 12 10 12 17 12 14 17 20 12 20 23 22 23 19 19 20
CH136 E5.0 "036_Group36" 19 22 10 10 15 12 9 11 12 11 11 19 18 12 12 18 14 12 12 16 15 11 18 10 18 15 12 15 15 11
CH138 F5.0 "037_Group37" 11 18 17 13 13 10 9 7 9 8 9 6 9 11 9 11 15 18 8 12 13 10 14 16 15 15 13 15 11 11
CH140 G5.0 "038_Group38" 24 17 15 12 11 6 7 8 7 7 13 12 12 12 15 13 14 12 15 15 20 14 16 16 15 17 23 16 11 5
CH142 H5.0 "039_Group39" 22 16 10 13 13 10 12 15 17 12 12 20 16 15 13 25 14 16 11 15 11 22 14 16 17 16 17 11 11 14
CH160 A6.0 "040_Group40" 15 12 9 10 8 7 5 11 20 19 12 19 13 14 11 17 12 12 13 17 23 19 24 24 22 21 19 21 20 11
CH162 B6.0 "041_Group41" 11 8 9 9 10 8 9 11 9 5 7 11 12 10 8 9 15 13 13 11 16 5 13 9 9 7 7 13 11 13
CH164 C6.0 "042_Group42" 15 18 9 14 14 8 12 15 16 13 21 16 14 11 15 19 20 12 13 13 15 10 13 10 11 8 13 17 16 18
CH166 D6.0 "043_Group43" 18 13 20 13 8 12 16 11 10 10 10 14 17 14 22 13 18 18 29 26 26 16 22 30 23 29 15 20 14 20
CH168 E6.0 "044_Group44" 15 10 10 15 6 9 10 10 13 8 12 13 11 10 13 10 15 11 14 30 23 20 23 17 28 16 20 18 17 18
CH170 F6.0 "045_Group45" 16 15 13 14 20 7 12 13 21 21 15 10 17 21 21 9 14 20 16 22 15 11 9 9 17 15 12 8 14 10
CH172 G6.0 "046_Group46" 11 12 14 10 12 10 8 10 11 12 15 18 15 20 10 16 17 10 11 9 12 6 13 20 12 11 9 9 9 13
CH174 H6.0 "047_Group47" 14 7 9 12 5 8 10 13 11 13 10 10 9 11 10 14 11 9 8 12 8 7 13 6 7 15 17 14 13 12
CH192 A7.0 "048_Group48" 15 9 13 8 15 10 11 11 17 18 13 11 16 10 10 18 20 9 16 13 17 12 11 19 10 15 9 11 10 13
CH194 B7.0 "049_Group49" 17 17 7 9 5 6 7 8 12 13 17 7 10 14 9 9 8 9 11 11 13 12 13 14 17 12 15 8 13 7
CH196 C7.0 "050_Group50" 14 8 10 12 14 17 8 8 7 9 11 13 11 16 15 17 14 11 11 14 27 21 31 17 18 23 21 27 6 11
CH198 D7.0 "051_Group51" 13 17 11 7 9 12 12 17 13 15 14 15 19 13 13 13 10 9 17 15 15 16 9 23 15 13 18 19 18 11
CH200 E7.0 "052_Group52" 8 10 13 9 11 11 13 13 17 16 14 17 10 11 16 9 7 16 12 12 21 15 18 10 10 12 17 21 11 11
CH202 F7.0 "053_Group53" 12 9 7 5 10 14 10 9 12 18 8 10 14 15 10 19 18 13 17 16 18 15 9 14 22 16 18 10 15 11
CH204 G7.0 "054_Group54" 19 8 8 10 11 14 11 11 15 7 12 17 15 10 8 11 13 13 12 14 15 15 15 11 11 9 11 10 7 15
CH206 H7.0 "055_Group55" 12 17 13 13 12 13 14 10 15 14 19 15 18 12 10 16 21 25 28 14 22 30 14 13 9 8 18 19 20 9
CH224 A8.0 "056_Group56" 14 10 10 19 14 8 11 12 15 13 9 7 8 10 11 10 13 11 15 13 9 11 15 15 19 10 16 19 18 6
CH226 B8.0 "057_Group57" 8 11 6 10 13 9 10 5 10 5 11 11 10 7 8 13 11 16 8 14 16 14 11 9 15 11 10 14 8 16
CH228 C8.0 "058_Group58" 10 8 6 9 10 11 17 7 7 7 8 10 9 21 14 18 15 22 7 14 22 25 21 19 20 17 16 9 16 8
CH230 D8.0 "059_Group59" 20 13 11 6 13 10 9 12 10 10 12 15 11 14 15 21 16 21 28 19 20 25 18 10 16 18 14 15 18 9
CH232 E8.0 "060_Group60" 12 11 12 10 6 12 14 13 12 11 10 14 15 8 12 17 19 20 17 12 15 17 15 11 9 13 13 17 14 9
CH234 F8.0 "061_Group61" 14 14 9 12 10 9 7 12 13 6 10 11 12 19 11 9 12 12 7 11 9 13 15 19 10 11 17 11 21 11
CH236 G8.0 "062_Group62" 20 19 19 10 11 13 12 12 14 9 12 13 12 12 13 9 12 15 15 16 14 14 10 14 20 15 8 13 13 11
CH238 H8.0 "063_Group63" 13 14 10 12 13 15 13 7 15 12 13 12 8 15 9 11 9 9 17 13 17 13 11 14 16 15 19 19 26 20
CH256 A9.0 "064_Group64" 13 9 13 8 10 10 6 10 8 9 12 9 10 9 13 16 17 16 21 19 12 10 15 8 15 7 8 8 16 19
CH258 B9.0 "065_Group65" 9 13 10 14 7 9 12 4 11 11 14 9 8 9 11 19 11 9 13 13 20 15 17 18 20 22 11 17 6 11
CH260 C9.0 "066_Group66" 13 16 13 11 10 14 11 13 6 14 9 17 14 19 16 19 15 10 19 16 17 15 13 13 13 15 12 7 8 14
CH262 D9.0 "067_Group67" 12 12 15 12 10 13 15 11 12 15 14 16 18 12 15 19 19 18 12 17 13 8 13 12 22 11 12 12 7 5
CH264 E9.0 "068_Group68" 21 20 6 6 20 5 4 6 13 17 8 12 9 12 7 15 16 11 11 13 9 7 8 13 10 4 10 12 6 9
CH266 F9.0 "069_Group69" 12 13 19 18 16 18 20 16 20 19 22 20 18 13 11 16 16 12 12 27 22 22 19 11 21 23 16 12 21 12
CH268 G9.0 "070_Group70" 9 7 7 9 16 11 8 13 10 9 14 16 26 10 16 13 12 12 12 11 13 16 13 15 15 19 16 16 10 13
CH270 H9.0 "071_Group71" 13 14 14 15 6 10 12 14 10 8 13 7 11 15 15 20 17 15 14 11 23 12 14 14 16 12 15 9 9 14
CH288 A10.0 "072_Group72" 24 14 9 9 9 14 13 14 9 13 13 15 7 8 9 11 8 16 16 16 13 17 20 18 14 14 13 18 12 18
CH290 B10.0 "073_Group73" 15 16 14 14 11 11 9 15 12 9 18 11 13 17 17 19 16 10 11 12 17 11 18 21 12 15 17 19 14 15
CH292 C10.0 "074_Group74" 16 17 14 8 15 11 9 8 4 15 15 10 9 12 15 17 13 9 10 14 20 17 14 19 15 20 26 21 19 21
CH294 D10.0 "075_Group75" 8 11 20 14 14 10 12 12 11 5 7 10 13 9 12 18 14 12 17 19 15 9 12 12 15 21 16 10 15 17
CH296 E10.0 "076_Group76" 24 20 19 11 16 17 7 8 12 13 10 16 15 8 9 15 19 15 18 12 21 12 14 15 24 16 22 22 27 9
CH298 F10.0 "077_Group77" 26 21 10 9 15 5 8 15 10 13 9 15 12 13 16 8 9 14 14 19 16 16 18 20 20 14 12 13 16 22
CH300 G10.0 "078_Group78" 21 17 13 13 9 9 12 12 16 17 14 12 11 14 15 14 12 20 17 14 14 20 20 20 17 19 19 13 20 14
CH302 H10.0 "079_Group79" 19 11 8 12 8 12 8 5 7 9 11 8 13 6 13 19 12 9 12 14 11 11 15 20 17 21 12 11 14 18
CH320 A11.0 "080_Group80" 15 14 11 11 17 12 12 16 18 9 13 14 20 11 16 17 21 21 16 19 16 19 14 20 23 15 16 8 16 12
CH322 B11.0 "081_Group81" 19 14 15 6 9 13 15 10 9 9 13 14 13 22 26 21 23 24 27 14 18 23 13 26 13 12 11 11 17 17
CH324 C11.0 "082_Group82" 16 11 10 9 8 9 10 9 17 12 7 8 11 6 12 17 15 12 19 12 7 20 23 28 24 27 19 22 19 22
CH326 D11.0 "083_Group83" 8 14 16 17 13 9 14 20 13 13 15 15 9 15 16 11 22 19 16 19 16 22 16 16 18 19 13 15 16 16
CH328 E11.0 "084_Group84" 9 16 13 8 13 5 9 18 12 15 14 18 10 14 12 7 15 15 18 16 11 15 9 15 25 17 24 14 17 15
CH330 F11.0 "085_Group85" 14 13 11 16 7 15 16 11 14 10 17 16 20 17 26 19 16 28 26 31 21 22 36 31 31 23 21 30 25 14
CH332 G11.0 "086_Group86" 15 12 7 16 16 12 9 11 11 13 16 12 20 21 17 19 22 23 22 18 20 16 21 18 22 11 17 13 20 17
CH334 H11.0 "087_Group87" 12 13 11 15 11 12 13 11 15 8 14 16 9 10 11 17 20 15 21 21 13 24 30 23 14 23 20 21 19 13
CH352 A12.0 "088_Group88" 13 18 13 17 11 10 13 10 12 10 8 15 7 11 18 15 14 13 17 13 11 17 14 9 15 7 11 12 17 9
CH354 B12.0 "089_Group89" 19 15 8 12 10 6 12 17 12 13 9 12 11 12 13 10 10 20 10 12 16 18 9 14 19 14 12 15 13 12
CH356 C12.0 "090_Group90" 15 11 12 12 16 11 17 10 12 14 17 16 14 19 12 13 19 16 19 16 18 20 14 20 13 12 12 13 16 12
CH358 D12.0 "091_Group91" 12 9 9 13 14 10 14 14 18 14 22 12 17 15 13 12 20 23 23 22 23 26 33 31 19 30 30 18 23 12
CH360 E12.0 "092_Group92" 23 13 9 12 11 12 13 15 11 7 15 12 12 24 14 15 24 21 22 27 26 24 19 21 16 15 22 9 19 13
CH362 F12.0 "093_Group93" 10 13 9 12 14 11 10 15 13 15 12 14 14 13 24 15 12 19 11 15 10 19 20 17 21 17 22 23 16 23
CH364 G12.0 "094_Group94" 16 14 10 10 15 11 12 17 10 17 12 12 15 11 22 14 16 32 19 30 23 20 28 28 17 19 9 8 17 9
CH366 H12.0 "095_Group95" 18 15 11 10 11 9 11 10 7 16 14 14 18 15 11 16 19 24 16 19 14 29 29 30 30 17 19 21 22 16
