"DATE:" "3/5/2015 9:20:01 PM"
"FILE:" "C:\Users\AndersenLab\Desktop\wmicrotracker\p00011\20150305_2018"
"SUBPROJECT:" "20150305_zolvix"

"<<<<<< Group Activity: Average Activity Counts per Data Interval>>>>>>"
Group/Time[m] 2 4 6 8 10 12 14 16 18 20 22 24 26 28 30 32 34 36 38 40 42 44 46 48 50 52 54 56 58 60
"000_Group0" 34 30 29 10 13 13 17 17 12 11 12 8 12 20 12 10 15 10 14 18 21 18 17 19 13 25 16 14 14 22
"001_Group1" 25 38 21 16 19 19 22 25 14 17 21 15 16 11 11 13 24 17 21 16 17 19 24 16 15 21 22 19 12 14
"002_Group2" 24 17 23 15 12 10 8 13 12 6 5 5 9 13 13 16 12 9 6 9 15 6 6 15 14 7 13 10 8 10
"003_Group3" 24 19 18 22 21 16 14 14 10 20 19 15 16 12 16 13 9 10 13 10 12 17 14 21 13 16 11 10 8 8
"004_Group4" 19 22 26 18 26 20 21 21 24 19 14 14 9 15 21 23 17 15 17 25 21 12 14 13 8 9 17 15 17 11
"005_Group5" 15 23 29 17 16 19 23 21 18 15 12 17 11 11 17 11 14 15 11 17 12 13 10 9 13 11 13 21 12 14
"006_Group6" 24 19 31 30 23 27 14 22 22 22 27 21 18 22 28 30 19 12 13 26 16 24 17 17 17 13 13 17 14 14
"007_Group7" 21 24 16 18 19 14 14 21 23 15 19 17 10 14 10 18 15 12 7 12 16 8 16 16 10 17 14 19 13 17
"008_Group8" 16 19 9 13 6 8 21 16 10 12 12 6 12 7 13 15 11 9 12 8 14 14 13 11 14 13 12 18 13 9
"009_Group9" 29 25 12 1 15 13 19 8 15 15 10 17 7 13 15 13 11 14 11 10 15 9 12 10 16 8 16 13 9 9
"010_Group10" 22 23 20 6 7 9 15 9 15 18 17 13 13 12 11 11 13 13 8 11 13 7 10 13 8 11 18 16 8 9
"011_Group11" 24 11 5 2 4 14 18 14 13 10 11 12 11 16 10 7 8 10 14 17 13 11 14 8 13 14 12 9 9 7
"012_Group12" 15 17 25 12 7 10 9 10 12 13 5 10 10 14 10 11 9 11 14 9 8 15 12 10 5 7 11 14 12 10
"013_Group13" 19 25 21 8 9 15 12 7 15 14 10 15 17 11 7 11 8 10 12 17 18 9 9 13 9 7 9 15 11 13
"014_Group14" 14 20 13 11 10 13 21 13 17 19 11 17 19 12 13 18 16 20 15 19 16 15 12 12 11 8 19 9 10 13
"015_Group15" 19 29 14 9 13 11 23 19 12 14 13 14 21 14 11 11 9 12 18 14 7 13 9 11 10 6 8 12 15 15
"016_Group16" 21 31 8 11 19 24 26 15 27 17 17 16 10 11 12 13 10 12 11 9 11 17 14 11 11 17 19 14 11 21
"017_Group17" 15 24 27 20 6 9 13 11 11 15 13 13 13 11 15 13 9 14 17 14 13 15 16 12 13 10 9 17 13 14
"018_Group18" 16 27 22 16 6 8 8 12 12 16 13 19 19 20 15 18 14 11 13 8 9 12 9 9 18 23 11 17 7 11
"019_Group19" 5 28 26 21 18 12 22 23 11 13 14 15 19 20 21 13 20 18 11 14 10 13 11 8 13 12 12 11 13 13
"020_Group20" 24 25 15 15 27 14 14 13 22 17 18 25 14 16 12 5 11 8 13 10 12 11 13 9 7 14 12 9 10 10
"021_Group21" 15 30 21 11 15 16 17 21 19 17 16 13 18 16 13 15 10 17 18 13 20 10 10 20 12 13 8 14 6 10
"022_Group22" 19 32 21 21 15 22 14 27 43 26 23 14 11 14 15 15 11 10 14 13 13 20 15 14 18 17 18 14 16 16
"023_Group23" 7 21 14 21 9 11 13 19 18 15 23 18 23 14 18 10 16 18 13 14 14 11 15 11 8 15 12 17 7 9
"024_Group24" 18 14 4 1 8 6 13 11 6 5 7 8 8 7 6 6 8 15 10 7 6 7 11 11 8 10 13 7 9 8
"025_Group25" 17 19 2 3 6 11 10 11 14 12 12 12 10 8 13 11 14 9 8 11 12 10 11 9 6 6 15 13 5 11
"026_Group26" 10 21 12 5 9 5 5 4 1 4 10 11 8 17 12 9 10 13 13 8 13 15 15 10 6 11 11 8 11 10
"027_Group27" 21 15 15 6 6 16 4 5 8 12 10 11 10 9 11 7 11 12 13 11 12 11 11 11 12 8 10 14 16 11
"028_Group28" 18 30 29 20 17 23 11 14 15 14 10 14 8 11 8 14 12 17 12 12 10 10 10 9 7 13 11 12 9 16
"029_Group29" 12 16 15 9 14 11 9 17 18 9 10 16 11 9 7 7 6 9 14 14 10 13 10 12 12 8 9 9 7 5
"030_Group30" 17 19 20 7 12 12 15 9 9 8 8 14 8 11 5 14 6 17 14 14 14 8 14 7 11 10 10 9 5 16
"031_Group31" 15 12 12 3 5 10 15 15 18 10 18 16 10 9 16 17 10 15 15 15 9 13 6 10 10 14 11 11 9 10
"032_Group32" 19 33 25 27 21 15 17 16 14 12 14 17 11 12 9 10 14 12 15 11 15 14 18 15 13 18 14 12 13 11
"033_Group33" 20 24 26 30 6 8 11 16 14 11 15 16 18 11 15 11 16 15 7 11 13 14 14 16 14 20 18 15 15 13
"034_Group34" 28 40 46 17 3 8 9 10 4 15 18 15 15 16 14 13 14 13 20 14 14 20 16 19 11 20 13 11 14 19
"035_Group35" 6 32 32 25 11 12 8 8 18 15 16 15 11 8 14 14 15 13 10 11 14 10 12 14 17 17 14 24 15 11
"036_Group36" 0 11 23 28 35 22 25 26 14 8 10 16 16 14 17 13 12 12 9 9 10 7 12 14 5 11 14 9 10 12
"037_Group37" 17 21 27 22 15 3 6 8 6 11 5 9 14 11 9 14 13 9 17 12 10 11 9 7 13 9 9 14 10 9
"038_Group38" 33 41 35 36 24 12 13 21 19 17 14 16 14 13 15 15 14 17 19 13 16 13 19 22 21 18 21 19 17 10
"039_Group39" 31 29 20 18 3 15 19 21 13 9 17 20 14 12 22 16 19 16 13 12 12 22 15 13 12 8 10 19 10 13
"040_Group40" 25 18 8 12 14 11 9 20 13 8 10 13 13 12 8 6 14 14 12 13 21 17 16 15 16 17 15 12 17 6
"041_Group41" 29 22 22 41 32 10 9 7 6 12 12 15 12 13 7 12 12 13 11 11 11 14 13 11 11 11 11 15 10 14
"042_Group42" 31 27 20 13 15 20 18 15 16 14 17 13 13 17 13 16 14 16 13 9 7 10 16 16 15 13 14 14 15 12
"043_Group43" 31 16 25 31 21 15 5 17 19 17 17 17 21 20 21 18 12 17 13 12 10 10 9 18 10 16 14 14 8 9
"044_Group44" 21 26 27 17 10 9 7 12 13 12 18 15 9 7 15 17 8 12 9 13 20 9 18 11 11 9 13 10 13 17
"045_Group45" 21 32 30 11 6 13 19 23 18 18 18 22 15 18 15 12 16 13 17 19 14 15 12 9 10 14 7 8 7 11
"046_Group46" 27 24 26 16 19 21 18 14 19 12 23 20 14 17 20 15 17 13 13 11 10 9 15 19 13 10 15 11 13 16
"047_Group47" 21 29 23 25 25 20 11 20 12 15 26 21 19 22 19 30 25 16 14 17 11 9 13 14 5 9 13 13 14 16
"048_Group48" 22 28 21 12 5 5 13 11 14 9 3 16 13 20 10 11 12 12 16 15 18 10 21 13 10 10 16 14 13 10
"049_Group49" 28 25 18 20 10 13 13 27 11 9 11 5 6 15 8 16 6 18 14 19 11 12 14 10 10 9 7 10 13 5
"050_Group50" 33 30 29 16 38 31 17 20 31 36 26 24 14 16 15 10 12 8 11 8 14 7 12 19 10 11 11 11 6 15
"051_Group51" 29 31 30 11 11 9 17 9 14 9 17 12 11 9 12 17 9 7 13 7 20 23 16 16 18 8 8 5 17 11
"052_Group52" 19 21 13 12 7 6 11 2 8 9 10 11 19 21 9 10 16 21 13 10 11 12 14 15 12 15 17 10 9 14
"053_Group53" 17 25 30 20 14 19 7 9 24 15 13 12 14 17 17 10 11 17 14 9 15 13 13 10 9 8 13 7 8 11
"054_Group54" 37 33 35 22 17 14 18 19 14 15 16 13 18 12 13 5 11 10 14 7 12 17 13 13 11 19 17 8 9 9
"055_Group55" 19 26 35 10 10 10 18 17 18 21 19 20 17 18 19 13 15 17 11 21 18 18 19 12 10 13 18 7 11 13
"056_Group56" 22 23 21 9 16 13 16 16 13 14 16 8 15 11 14 14 15 15 17 8 11 11 10 16 10 11 13 12 15 11
"057_Group57" 25 26 13 18 9 10 7 15 8 1 10 12 12 11 10 9 3 9 9 9 11 6 11 8 17 11 8 11 10 8
"058_Group58" 19 18 10 15 14 17 10 9 19 8 16 16 13 12 14 12 18 16 17 21 17 10 8 11 12 17 11 12 7 5
"059_Group59" 28 21 4 6 14 14 20 12 16 13 11 10 10 9 13 11 9 9 11 16 7 11 12 15 7 13 12 12 13 9
"060_Group60" 21 14 3 1 2 13 11 5 12 9 6 6 11 6 10 11 12 12 13 12 12 6 11 5 15 9 8 6 16 9
"061_Group61" 23 17 13 16 9 21 14 15 13 15 14 14 12 10 10 10 14 13 11 13 16 18 14 16 12 12 15 16 13 15
"062_Group62" 20 27 19 12 5 7 7 17 12 10 8 8 9 12 10 9 9 11 11 11 13 9 19 14 13 8 7 9 18 8
"063_Group63" 3 25 19 15 7 7 14 9 11 13 12 21 16 10 12 11 10 13 18 14 13 10 10 13 11 15 12 17 13 11
"064_Group64" 23 28 30 11 5 9 12 4 7 3 14 12 22 30 14 9 12 14 13 10 18 26 21 10 14 29 22 12 17 21
"065_Group65" 34 31 27 7 10 5 11 20 19 16 12 13 15 8 11 11 17 19 17 17 12 12 11 10 15 15 8 9 8 5
"066_Group66" 17 25 24 18 14 8 12 12 6 12 10 12 16 15 13 13 13 13 14 17 17 12 9 9 11 10 10 16 10 14
"067_Group67" 37 31 22 21 21 12 16 13 19 11 16 18 13 18 12 10 10 12 20 22 16 15 16 23 22 17 20 19 24 7
"068_Group68" 22 21 23 28 12 7 12 14 13 15 12 12 11 19 9 8 12 11 10 8 17 15 12 12 8 15 7 4 15 11
"069_Group69" 27 28 37 28 33 22 23 21 21 15 23 13 25 15 18 14 19 9 17 9 19 18 16 15 9 17 25 15 13 15
"070_Group70" 24 30 30 7 12 18 17 16 18 13 14 10 8 14 13 16 11 15 18 10 15 17 11 11 12 20 14 18 8 17
"071_Group71" 23 23 28 32 22 12 14 11 11 12 9 12 10 13 14 14 13 10 12 10 13 7 20 10 20 18 17 8 14 14
"072_Group72" 5 7 7 0 28 26 22 14 16 11 21 14 11 14 21 15 13 18 15 10 12 16 12 12 10 11 13 7 18 11
"073_Group73" 17 26 11 13 7 9 17 13 9 10 15 20 14 9 15 7 19 12 13 12 16 17 15 13 19 13 10 17 10 11
"074_Group74" 1 21 27 16 16 16 18 15 14 13 17 13 20 10 17 22 17 18 14 21 10 11 13 14 13 12 11 12 14 16
"075_Group75" 16 25 27 29 40 21 20 9 10 9 18 12 14 15 11 6 12 12 16 16 16 9 11 12 11 21 18 9 14 14
"076_Group76" 20 29 22 16 5 7 6 8 7 7 8 15 11 16 13 11 17 9 9 13 8 14 16 14 22 10 13 10 10 6
"077_Group77" 19 22 22 28 22 14 12 23 22 14 18 18 14 16 12 18 17 17 7 12 14 7 14 19 11 10 14 10 9 9
"078_Group78" 28 27 37 27 17 9 18 27 12 20 22 10 14 11 9 18 14 16 17 12 18 10 13 11 9 12 11 10 9 16
"079_Group79" 11 29 33 26 16 6 19 8 11 12 14 17 10 11 18 17 16 13 12 12 6 12 12 9 9 10 11 17 7 16
"080_Group80" 22 24 30 18 14 17 16 15 18 21 17 19 26 14 12 8 21 20 15 17 16 13 11 14 16 24 14 15 14 10
"081_Group81" 21 17 29 17 14 18 12 14 9 11 8 13 15 19 7 10 7 8 22 15 15 16 14 10 10 11 12 10 9 6
"082_Group82" 24 20 34 17 13 21 16 24 11 18 12 9 14 10 9 15 14 16 14 13 9 20 12 6 8 10 12 13 14 7
"083_Group83" 25 25 32 18 17 20 18 25 13 14 16 13 24 12 14 17 20 15 12 10 10 13 10 21 15 9 14 21 13 10
"084_Group84" 15 23 26 26 17 16 15 21 19 13 19 25 14 21 19 21 25 12 16 19 12 15 15 17 13 21 10 6 13 13
"085_Group85" 28 20 17 14 26 23 21 21 22 21 11 17 20 15 10 18 15 14 14 13 15 11 14 10 11 11 11 11 17 6
"086_Group86" 28 23 26 23 25 22 21 19 16 27 20 10 15 18 27 15 14 11 19 17 13 15 9 7 7 7 11 10 12 6
"087_Group87" 20 18 21 21 28 15 19 15 20 12 14 16 25 15 22 13 22 23 18 22 18 17 13 14 13 16 14 11 9 11
"088_Group88" 17 28 27 22 23 19 21 18 13 21 16 13 8 11 7 10 17 24 26 12 16 12 17 22 11 8 13 15 19 17
"089_Group89" 32 30 25 19 15 19 10 12 13 15 6 9 9 17 13 20 14 6 18 16 18 16 12 9 24 17 26 18 18 16
"090_Group90" 23 28 17 23 30 21 27 20 24 19 11 20 12 22 21 23 20 12 6 18 13 13 20 15 14 14 11 14 14 27
"091_Group91" 29 26 20 16 19 18 23 21 19 17 15 18 16 16 19 11 11 13 22 14 9 18 14 22 12 18 15 14 19 14
"092_Group92" 33 28 25 23 22 21 22 24 19 13 18 20 15 14 20 13 18 12 15 20 18 15 18 14 14 13 15 20 12 16
"093_Group93" 31 25 28 23 20 20 18 16 13 11 19 13 8 13 14 15 11 11 11 14 11 9 17 13 20 18 13 15 13 15
"094_Group94" 28 30 27 14 14 22 20 21 15 24 20 21 21 18 14 17 16 17 15 12 12 12 14 21 17 15 8 9 17 9
"095_Group95" 26 29 20 18 21 19 20 19 20 11 18 19 24 16 14 21 16 18 14 14 18 7 7 15 11 14 12 14 15 16

"<<<<<< Group Activity: Number of wells/group >>>>>>"
Group/Time[m] 2 4 6 8 10 12 14 16 18 20 22 24 26 28 30 32 34 36 38 40 42 44 46 48 50 52 54 56 58 60
"000_Group0" 1 1 1 1 1 1 1 1 1 1 1 1 1 1 1 1 1 1 1 1 1 1 1 1 1 1 1 1 1 1
"001_Group1" 1 1 1 1 1 1 1 1 1 1 1 1 1 1 1 1 1 1 1 1 1 1 1 1 1 1 1 1 1 1
"002_Group2" 1 1 1 1 1 1 1 1 1 1 1 1 1 1 1 1 1 1 1 1 1 1 1 1 1 1 1 1 1 1
"003_Group3" 1 1 1 1 1 1 1 1 1 1 1 1 1 1 1 1 1 1 1 1 1 1 1 1 1 1 1 1 1 1
"004_Group4" 1 1 1 1 1 1 1 1 1 1 1 1 1 1 1 1 1 1 1 1 1 1 1 1 1 1 1 1 1 1
"005_Group5" 1 1 1 1 1 1 1 1 1 1 1 1 1 1 1 1 1 1 1 1 1 1 1 1 1 1 1 1 1 1
"006_Group6" 1 1 1 1 1 1 1 1 1 1 1 1 1 1 1 1 1 1 1 1 1 1 1 1 1 1 1 1 1 1
"007_Group7" 1 1 1 1 1 1 1 1 1 1 1 1 1 1 1 1 1 1 1 1 1 1 1 1 1 1 1 1 1 1
"008_Group8" 1 1 1 1 1 1 1 1 1 1 1 1 1 1 1 1 1 1 1 1 1 1 1 1 1 1 1 1 1 1
"009_Group9" 1 1 1 1 1 1 1 1 1 1 1 1 1 1 1 1 1 1 1 1 1 1 1 1 1 1 1 1 1 1
"010_Group10" 1 1 1 1 1 1 1 1 1 1 1 1 1 1 1 1 1 1 1 1 1 1 1 1 1 1 1 1 1 1
"011_Group11" 1 1 1 1 1 1 1 1 1 1 1 1 1 1 1 1 1 1 1 1 1 1 1 1 1 1 1 1 1 1
"012_Group12" 1 1 1 1 1 1 1 1 1 1 1 1 1 1 1 1 1 1 1 1 1 1 1 1 1 1 1 1 1 1
"013_Group13" 1 1 1 1 1 1 1 1 1 1 1 1 1 1 1 1 1 1 1 1 1 1 1 1 1 1 1 1 1 1
"014_Group14" 1 1 1 1 1 1 1 1 1 1 1 1 1 1 1 1 1 1 1 1 1 1 1 1 1 1 1 1 1 1
"015_Group15" 1 1 1 1 1 1 1 1 1 1 1 1 1 1 1 1 1 1 1 1 1 1 1 1 1 1 1 1 1 1
"016_Group16" 1 1 1 1 1 1 1 1 1 1 1 1 1 1 1 1 1 1 1 1 1 1 1 1 1 1 1 1 1 1
"017_Group17" 1 1 1 1 1 1 1 1 1 1 1 1 1 1 1 1 1 1 1 1 1 1 1 1 1 1 1 1 1 1
"018_Group18" 1 1 1 1 1 1 1 1 1 1 1 1 1 1 1 1 1 1 1 1 1 1 1 1 1 1 1 1 1 1
"019_Group19" 1 1 1 1 1 1 1 1 1 1 1 1 1 1 1 1 1 1 1 1 1 1 1 1 1 1 1 1 1 1
"020_Group20" 1 1 1 1 1 1 1 1 1 1 1 1 1 1 1 1 1 1 1 1 1 1 1 1 1 1 1 1 1 1
"021_Group21" 1 1 1 1 1 1 1 1 1 1 1 1 1 1 1 1 1 1 1 1 1 1 1 1 1 1 1 1 1 1
"022_Group22" 1 1 1 1 1 1 1 1 1 1 1 1 1 1 1 1 1 1 1 1 1 1 1 1 1 1 1 1 1 1
"023_Group23" 1 1 1 1 1 1 1 1 1 1 1 1 1 1 1 1 1 1 1 1 1 1 1 1 1 1 1 1 1 1
"024_Group24" 1 1 1 1 1 1 1 1 1 1 1 1 1 1 1 1 1 1 1 1 1 1 1 1 1 1 1 1 1 1
"025_Group25" 1 1 1 1 1 1 1 1 1 1 1 1 1 1 1 1 1 1 1 1 1 1 1 1 1 1 1 1 1 1
"026_Group26" 1 1 1 1 1 1 1 1 1 1 1 1 1 1 1 1 1 1 1 1 1 1 1 1 1 1 1 1 1 1
"027_Group27" 1 1 1 1 1 1 1 1 1 1 1 1 1 1 1 1 1 1 1 1 1 1 1 1 1 1 1 1 1 1
"028_Group28" 1 1 1 1 1 1 1 1 1 1 1 1 1 1 1 1 1 1 1 1 1 1 1 1 1 1 1 1 1 1
"029_Group29" 1 1 1 1 1 1 1 1 1 1 1 1 1 1 1 1 1 1 1 1 1 1 1 1 1 1 1 1 1 1
"030_Group30" 1 1 1 1 1 1 1 1 1 1 1 1 1 1 1 1 1 1 1 1 1 1 1 1 1 1 1 1 1 1
"031_Group31" 1 1 1 1 1 1 1 1 1 1 1 1 1 1 1 1 1 1 1 1 1 1 1 1 1 1 1 1 1 1
"032_Group32" 1 1 1 1 1 1 1 1 1 1 1 1 1 1 1 1 1 1 1 1 1 1 1 1 1 1 1 1 1 1
"033_Group33" 1 1 1 1 1 1 1 1 1 1 1 1 1 1 1 1 1 1 1 1 1 1 1 1 1 1 1 1 1 1
"034_Group34" 1 1 1 1 1 1 1 1 1 1 1 1 1 1 1 1 1 1 1 1 1 1 1 1 1 1 1 1 1 1
"035_Group35" 1 1 1 1 1 1 1 1 1 1 1 1 1 1 1 1 1 1 1 1 1 1 1 1 1 1 1 1 1 1
"036_Group36" 1 1 1 1 1 1 1 1 1 1 1 1 1 1 1 1 1 1 1 1 1 1 1 1 1 1 1 1 1 1
"037_Group37" 1 1 1 1 1 1 1 1 1 1 1 1 1 1 1 1 1 1 1 1 1 1 1 1 1 1 1 1 1 1
"038_Group38" 1 1 1 1 1 1 1 1 1 1 1 1 1 1 1 1 1 1 1 1 1 1 1 1 1 1 1 1 1 1
"039_Group39" 1 1 1 1 1 1 1 1 1 1 1 1 1 1 1 1 1 1 1 1 1 1 1 1 1 1 1 1 1 1
"040_Group40" 1 1 1 1 1 1 1 1 1 1 1 1 1 1 1 1 1 1 1 1 1 1 1 1 1 1 1 1 1 1
"041_Group41" 1 1 1 1 1 1 1 1 1 1 1 1 1 1 1 1 1 1 1 1 1 1 1 1 1 1 1 1 1 1
"042_Group42" 1 1 1 1 1 1 1 1 1 1 1 1 1 1 1 1 1 1 1 1 1 1 1 1 1 1 1 1 1 1
"043_Group43" 1 1 1 1 1 1 1 1 1 1 1 1 1 1 1 1 1 1 1 1 1 1 1 1 1 1 1 1 1 1
"044_Group44" 1 1 1 1 1 1 1 1 1 1 1 1 1 1 1 1 1 1 1 1 1 1 1 1 1 1 1 1 1 1
"045_Group45" 1 1 1 1 1 1 1 1 1 1 1 1 1 1 1 1 1 1 1 1 1 1 1 1 1 1 1 1 1 1
"046_Group46" 1 1 1 1 1 1 1 1 1 1 1 1 1 1 1 1 1 1 1 1 1 1 1 1 1 1 1 1 1 1
"047_Group47" 1 1 1 1 1 1 1 1 1 1 1 1 1 1 1 1 1 1 1 1 1 1 1 1 1 1 1 1 1 1
"048_Group48" 1 1 1 1 1 1 1 1 1 1 1 1 1 1 1 1 1 1 1 1 1 1 1 1 1 1 1 1 1 1
"049_Group49" 1 1 1 1 1 1 1 1 1 1 1 1 1 1 1 1 1 1 1 1 1 1 1 1 1 1 1 1 1 1
"050_Group50" 1 1 1 1 1 1 1 1 1 1 1 1 1 1 1 1 1 1 1 1 1 1 1 1 1 1 1 1 1 1
"051_Group51" 1 1 1 1 1 1 1 1 1 1 1 1 1 1 1 1 1 1 1 1 1 1 1 1 1 1 1 1 1 1
"052_Group52" 1 1 1 1 1 1 1 1 1 1 1 1 1 1 1 1 1 1 1 1 1 1 1 1 1 1 1 1 1 1
"053_Group53" 1 1 1 1 1 1 1 1 1 1 1 1 1 1 1 1 1 1 1 1 1 1 1 1 1 1 1 1 1 1
"054_Group54" 1 1 1 1 1 1 1 1 1 1 1 1 1 1 1 1 1 1 1 1 1 1 1 1 1 1 1 1 1 1
"055_Group55" 1 1 1 1 1 1 1 1 1 1 1 1 1 1 1 1 1 1 1 1 1 1 1 1 1 1 1 1 1 1
"056_Group56" 1 1 1 1 1 1 1 1 1 1 1 1 1 1 1 1 1 1 1 1 1 1 1 1 1 1 1 1 1 1
"057_Group57" 1 1 1 1 1 1 1 1 1 1 1 1 1 1 1 1 1 1 1 1 1 1 1 1 1 1 1 1 1 1
"058_Group58" 1 1 1 1 1 1 1 1 1 1 1 1 1 1 1 1 1 1 1 1 1 1 1 1 1 1 1 1 1 1
"059_Group59" 1 1 1 1 1 1 1 1 1 1 1 1 1 1 1 1 1 1 1 1 1 1 1 1 1 1 1 1 1 1
"060_Group60" 1 1 1 1 1 1 1 1 1 1 1 1 1 1 1 1 1 1 1 1 1 1 1 1 1 1 1 1 1 1
"061_Group61" 1 1 1 1 1 1 1 1 1 1 1 1 1 1 1 1 1 1 1 1 1 1 1 1 1 1 1 1 1 1
"062_Group62" 1 1 1 1 1 1 1 1 1 1 1 1 1 1 1 1 1 1 1 1 1 1 1 1 1 1 1 1 1 1
"063_Group63" 1 1 1 1 1 1 1 1 1 1 1 1 1 1 1 1 1 1 1 1 1 1 1 1 1 1 1 1 1 1
"064_Group64" 1 1 1 1 1 1 1 1 1 1 1 1 1 1 1 1 1 1 1 1 1 1 1 1 1 1 1 1 1 1
"065_Group65" 1 1 1 1 1 1 1 1 1 1 1 1 1 1 1 1 1 1 1 1 1 1 1 1 1 1 1 1 1 1
"066_Group66" 1 1 1 1 1 1 1 1 1 1 1 1 1 1 1 1 1 1 1 1 1 1 1 1 1 1 1 1 1 1
"067_Group67" 1 1 1 1 1 1 1 1 1 1 1 1 1 1 1 1 1 1 1 1 1 1 1 1 1 1 1 1 1 1
"068_Group68" 1 1 1 1 1 1 1 1 1 1 1 1 1 1 1 1 1 1 1 1 1 1 1 1 1 1 1 1 1 1
"069_Group69" 1 1 1 1 1 1 1 1 1 1 1 1 1 1 1 1 1 1 1 1 1 1 1 1 1 1 1 1 1 1
"070_Group70" 1 1 1 1 1 1 1 1 1 1 1 1 1 1 1 1 1 1 1 1 1 1 1 1 1 1 1 1 1 1
"071_Group71" 1 1 1 1 1 1 1 1 1 1 1 1 1 1 1 1 1 1 1 1 1 1 1 1 1 1 1 1 1 1
"072_Group72" 1 1 1 1 1 1 1 1 1 1 1 1 1 1 1 1 1 1 1 1 1 1 1 1 1 1 1 1 1 1
"073_Group73" 1 1 1 1 1 1 1 1 1 1 1 1 1 1 1 1 1 1 1 1 1 1 1 1 1 1 1 1 1 1
"074_Group74" 1 1 1 1 1 1 1 1 1 1 1 1 1 1 1 1 1 1 1 1 1 1 1 1 1 1 1 1 1 1
"075_Group75" 1 1 1 1 1 1 1 1 1 1 1 1 1 1 1 1 1 1 1 1 1 1 1 1 1 1 1 1 1 1
"076_Group76" 1 1 1 1 1 1 1 1 1 1 1 1 1 1 1 1 1 1 1 1 1 1 1 1 1 1 1 1 1 1
"077_Group77" 1 1 1 1 1 1 1 1 1 1 1 1 1 1 1 1 1 1 1 1 1 1 1 1 1 1 1 1 1 1
"078_Group78" 1 1 1 1 1 1 1 1 1 1 1 1 1 1 1 1 1 1 1 1 1 1 1 1 1 1 1 1 1 1
"079_Group79" 1 1 1 1 1 1 1 1 1 1 1 1 1 1 1 1 1 1 1 1 1 1 1 1 1 1 1 1 1 1
"080_Group80" 1 1 1 1 1 1 1 1 1 1 1 1 1 1 1 1 1 1 1 1 1 1 1 1 1 1 1 1 1 1
"081_Group81" 1 1 1 1 1 1 1 1 1 1 1 1 1 1 1 1 1 1 1 1 1 1 1 1 1 1 1 1 1 1
"082_Group82" 1 1 1 1 1 1 1 1 1 1 1 1 1 1 1 1 1 1 1 1 1 1 1 1 1 1 1 1 1 1
"083_Group83" 1 1 1 1 1 1 1 1 1 1 1 1 1 1 1 1 1 1 1 1 1 1 1 1 1 1 1 1 1 1
"084_Group84" 1 1 1 1 1 1 1 1 1 1 1 1 1 1 1 1 1 1 1 1 1 1 1 1 1 1 1 1 1 1
"085_Group85" 1 1 1 1 1 1 1 1 1 1 1 1 1 1 1 1 1 1 1 1 1 1 1 1 1 1 1 1 1 1
"086_Group86" 1 1 1 1 1 1 1 1 1 1 1 1 1 1 1 1 1 1 1 1 1 1 1 1 1 1 1 1 1 1
"087_Group87" 1 1 1 1 1 1 1 1 1 1 1 1 1 1 1 1 1 1 1 1 1 1 1 1 1 1 1 1 1 1
"088_Group88" 1 1 1 1 1 1 1 1 1 1 1 1 1 1 1 1 1 1 1 1 1 1 1 1 1 1 1 1 1 1
"089_Group89" 1 1 1 1 1 1 1 1 1 1 1 1 1 1 1 1 1 1 1 1 1 1 1 1 1 1 1 1 1 1
"090_Group90" 1 1 1 1 1 1 1 1 1 1 1 1 1 1 1 1 1 1 1 1 1 1 1 1 1 1 1 1 1 1
"091_Group91" 1 1 1 1 1 1 1 1 1 1 1 1 1 1 1 1 1 1 1 1 1 1 1 1 1 1 1 1 1 1
"092_Group92" 1 1 1 1 1 1 1 1 1 1 1 1 1 1 1 1 1 1 1 1 1 1 1 1 1 1 1 1 1 1
"093_Group93" 1 1 1 1 1 1 1 1 1 1 1 1 1 1 1 1 1 1 1 1 1 1 1 1 1 1 1 1 1 1
"094_Group94" 1 1 1 1 1 1 1 1 1 1 1 1 1 1 1 1 1 1 1 1 1 1 1 1 1 1 1 1 1 1
"095_Group95" 1 1 1 1 1 1 1 1 1 1 1 1 1 1 1 1 1 1 1 1 1 1 1 1 1 1 1 1 1 1

"<<<<<< Number of Samples per Acquisition Interval [1unit=500values] >>>>>>"
Time[m] 2 4 6 8 10 12 14 16 18 20 22 24 26 28 30 32 34 36 38 40 42 44 46 48 50 52 54 56 58 60 
#Samples 2 2 2 2 2 2 2 2 2 2 2 2 2 2 2 2 2 2 2 2 2 2 2 2 2 2 2 2 2 2 

"<<<<<< Average Temperature [°C] >>>>>>"
Time[m] 2 4 6 8 10 12 14 16 18 20 22 24 26 28 30 32 34 36 38 40 42 44 46 48 50 52 54 56 58 60 
Temp[°C] 20.7 20.7 20.7 20.7 20.7 20.7 20.7 20.7 20.7 20.7 20.7 20.7 20.7 20.7 20.7 20.7 20.7 20.7 20.7 20.7 20.7 20.7 20.7 20.7 20.7 20.7 20.7 20.7 20.7 20.7 

"<<<<<< Well Activity >>>>>>"
Well Group/Time[m] 2 4 6 8 10 12 14 16 18 20 22 24 26 28 30 32 34 36 38 40 42 44 46 48 50 52 54 56 58 60
A1 "000_Group0" 34 30 29 10 13 13 17 17 12 11 12 8 12 20 12 10 15 10 14 18 21 18 17 19 13 25 16 14 14 22
B1 "001_Group1" 25 38 21 16 19 19 22 25 14 17 21 15 16 11 11 13 24 17 21 16 17 19 24 16 15 21 22 19 12 14
C1 "002_Group2" 24 17 23 15 12 10 8 13 12 6 5 5 9 13 13 16 12 9 6 9 15 6 6 15 14 7 13 10 8 10
D1 "003_Group3" 24 19 18 22 21 16 14 14 10 20 19 15 16 12 16 13 9 10 13 10 12 17 14 21 13 16 11 10 8 8
E1 "004_Group4" 19 22 26 18 26 20 21 21 24 19 14 14 9 15 21 23 17 15 17 25 21 12 14 13 8 9 17 15 17 11
F1 "005_Group5" 15 23 29 17 16 19 23 21 18 15 12 17 11 11 17 11 14 15 11 17 12 13 10 9 13 11 13 21 12 14
G1 "006_Group6" 24 19 31 30 23 27 14 22 22 22 27 21 18 22 28 30 19 12 13 26 16 24 17 17 17 13 13 17 14 14
H1 "007_Group7" 21 24 16 18 19 14 14 21 23 15 19 17 10 14 10 18 15 12 7 12 16 8 16 16 10 17 14 19 13 17
A2 "008_Group8" 16 19 9 13 6 8 21 16 10 12 12 6 12 7 13 15 11 9 12 8 14 14 13 11 14 13 12 18 13 9
B2 "009_Group9" 29 25 12 1 15 13 19 8 15 15 10 17 7 13 15 13 11 14 11 10 15 9 12 10 16 8 16 13 9 9
C2 "010_Group10" 22 23 20 6 7 9 15 9 15 18 17 13 13 12 11 11 13 13 8 11 13 7 10 13 8 11 18 16 8 9
D2 "011_Group11" 24 11 5 2 4 14 18 14 13 10 11 12 11 16 10 7 8 10 14 17 13 11 14 8 13 14 12 9 9 7
E2 "012_Group12" 15 17 25 12 7 10 9 10 12 13 5 10 10 14 10 11 9 11 14 9 8 15 12 10 5 7 11 14 12 10
F2 "013_Group13" 19 25 21 8 9 15 12 7 15 14 10 15 17 11 7 11 8 10 12 17 18 9 9 13 9 7 9 15 11 13
G2 "014_Group14" 14 20 13 11 10 13 21 13 17 19 11 17 19 12 13 18 16 20 15 19 16 15 12 12 11 8 19 9 10 13
H2 "015_Group15" 19 29 14 9 13 11 23 19 12 14 13 14 21 14 11 11 9 12 18 14 7 13 9 11 10 6 8 12 15 15
A3 "016_Group16" 21 31 8 11 19 24 26 15 27 17 17 16 10 11 12 13 10 12 11 9 11 17 14 11 11 17 19 14 11 21
B3 "017_Group17" 15 24 27 20 6 9 13 11 11 15 13 13 13 11 15 13 9 14 17 14 13 15 16 12 13 10 9 17 13 14
C3 "018_Group18" 16 27 22 16 6 8 8 12 12 16 13 19 19 20 15 18 14 11 13 8 9 12 9 9 18 23 11 17 7 11
D3 "019_Group19" 5 28 26 21 18 12 22 23 11 13 14 15 19 20 21 13 20 18 11 14 10 13 11 8 13 12 12 11 13 13
E3 "020_Group20" 24 25 15 15 27 14 14 13 22 17 18 25 14 16 12 5 11 8 13 10 12 11 13 9 7 14 12 9 10 10
F3 "021_Group21" 15 30 21 11 15 16 17 21 19 17 16 13 18 16 13 15 10 17 18 13 20 10 10 20 12 13 8 14 6 10
G3 "022_Group22" 19 32 21 21 15 22 14 27 43 26 23 14 11 14 15 15 11 10 14 13 13 20 15 14 18 17 18 14 16 16
H3 "023_Group23" 7 21 14 21 9 11 13 19 18 15 23 18 23 14 18 10 16 18 13 14 14 11 15 11 8 15 12 17 7 9
A4 "024_Group24" 18 14 4 1 8 6 13 11 6 5 7 8 8 7 6 6 8 15 10 7 6 7 11 11 8 10 13 7 9 8
B4 "025_Group25" 17 19 2 3 6 11 10 11 14 12 12 12 10 8 13 11 14 9 8 11 12 10 11 9 6 6 15 13 5 11
C4 "026_Group26" 10 21 12 5 9 5 5 4 1 4 10 11 8 17 12 9 10 13 13 8 13 15 15 10 6 11 11 8 11 10
D4 "027_Group27" 21 15 15 6 6 16 4 5 8 12 10 11 10 9 11 7 11 12 13 11 12 11 11 11 12 8 10 14 16 11
E4 "028_Group28" 18 30 29 20 17 23 11 14 15 14 10 14 8 11 8 14 12 17 12 12 10 10 10 9 7 13 11 12 9 16
F4 "029_Group29" 12 16 15 9 14 11 9 17 18 9 10 16 11 9 7 7 6 9 14 14 10 13 10 12 12 8 9 9 7 5
G4 "030_Group30" 17 19 20 7 12 12 15 9 9 8 8 14 8 11 5 14 6 17 14 14 14 8 14 7 11 10 10 9 5 16
H4 "031_Group31" 15 12 12 3 5 10 15 15 18 10 18 16 10 9 16 17 10 15 15 15 9 13 6 10 10 14 11 11 9 10
A5 "032_Group32" 19 33 25 27 21 15 17 16 14 12 14 17 11 12 9 10 14 12 15 11 15 14 18 15 13 18 14 12 13 11
B5 "033_Group33" 20 24 26 30 6 8 11 16 14 11 15 16 18 11 15 11 16 15 7 11 13 14 14 16 14 20 18 15 15 13
C5 "034_Group34" 28 40 46 17 3 8 9 10 4 15 18 15 15 16 14 13 14 13 20 14 14 20 16 19 11 20 13 11 14 19
D5 "035_Group35" 6 32 32 25 11 12 8 8 18 15 16 15 11 8 14 14 15 13 10 11 14 10 12 14 17 17 14 24 15 11
E5 "036_Group36" 0 11 23 28 35 22 25 26 14 8 10 16 16 14 17 13 12 12 9 9 10 7 12 14 5 11 14 9 10 12
F5 "037_Group37" 17 21 27 22 15 3 6 8 6 11 5 9 14 11 9 14 13 9 17 12 10 11 9 7 13 9 9 14 10 9
G5 "038_Group38" 33 41 35 36 24 12 13 21 19 17 14 16 14 13 15 15 14 17 19 13 16 13 19 22 21 18 21 19 17 10
H5 "039_Group39" 31 29 20 18 3 15 19 21 13 9 17 20 14 12 22 16 19 16 13 12 12 22 15 13 12 8 10 19 10 13
A6 "040_Group40" 25 18 8 12 14 11 9 20 13 8 10 13 13 12 8 6 14 14 12 13 21 17 16 15 16 17 15 12 17 6
B6 "041_Group41" 29 22 22 41 32 10 9 7 6 12 12 15 12 13 7 12 12 13 11 11 11 14 13 11 11 11 11 15 10 14
C6 "042_Group42" 31 27 20 13 15 20 18 15 16 14 17 13 13 17 13 16 14 16 13 9 7 10 16 16 15 13 14 14 15 12
D6 "043_Group43" 31 16 25 31 21 15 5 17 19 17 17 17 21 20 21 18 12 17 13 12 10 10 9 18 10 16 14 14 8 9
E6 "044_Group44" 21 26 27 17 10 9 7 12 13 12 18 15 9 7 15 17 8 12 9 13 20 9 18 11 11 9 13 10 13 17
F6 "045_Group45" 21 32 30 11 6 13 19 23 18 18 18 22 15 18 15 12 16 13 17 19 14 15 12 9 10 14 7 8 7 11
G6 "046_Group46" 27 24 26 16 19 21 18 14 19 12 23 20 14 17 20 15 17 13 13 11 10 9 15 19 13 10 15 11 13 16
H6 "047_Group47" 21 29 23 25 25 20 11 20 12 15 26 21 19 22 19 30 25 16 14 17 11 9 13 14 5 9 13 13 14 16
A7 "048_Group48" 22 28 21 12 5 5 13 11 14 9 3 16 13 20 10 11 12 12 16 15 18 10 21 13 10 10 16 14 13 10
B7 "049_Group49" 28 25 18 20 10 13 13 27 11 9 11 5 6 15 8 16 6 18 14 19 11 12 14 10 10 9 7 10 13 5
C7 "050_Group50" 33 30 29 16 38 31 17 20 31 36 26 24 14 16 15 10 12 8 11 8 14 7 12 19 10 11 11 11 6 15
D7 "051_Group51" 29 31 30 11 11 9 17 9 14 9 17 12 11 9 12 17 9 7 13 7 20 23 16 16 18 8 8 5 17 11
E7 "052_Group52" 19 21 13 12 7 6 11 2 8 9 10 11 19 21 9 10 16 21 13 10 11 12 14 15 12 15 17 10 9 14
F7 "053_Group53" 17 25 30 20 14 19 7 9 24 15 13 12 14 17 17 10 11 17 14 9 15 13 13 10 9 8 13 7 8 11
G7 "054_Group54" 37 33 35 22 17 14 18 19 14 15 16 13 18 12 13 5 11 10 14 7 12 17 13 13 11 19 17 8 9 9
H7 "055_Group55" 19 26 35 10 10 10 18 17 18 21 19 20 17 18 19 13 15 17 11 21 18 18 19 12 10 13 18 7 11 13
A8 "056_Group56" 22 23 21 9 16 13 16 16 13 14 16 8 15 11 14 14 15 15 17 8 11 11 10 16 10 11 13 12 15 11
B8 "057_Group57" 25 26 13 18 9 10 7 15 8 1 10 12 12 11 10 9 3 9 9 9 11 6 11 8 17 11 8 11 10 8
C8 "058_Group58" 19 18 10 15 14 17 10 9 19 8 16 16 13 12 14 12 18 16 17 21 17 10 8 11 12 17 11 12 7 5
D8 "059_Group59" 28 21 4 6 14 14 20 12 16 13 11 10 10 9 13 11 9 9 11 16 7 11 12 15 7 13 12 12 13 9
E8 "060_Group60" 21 14 3 1 2 13 11 5 12 9 6 6 11 6 10 11 12 12 13 12 12 6 11 5 15 9 8 6 16 9
F8 "061_Group61" 23 17 13 16 9 21 14 15 13 15 14 14 12 10 10 10 14 13 11 13 16 18 14 16 12 12 15 16 13 15
G8 "062_Group62" 20 27 19 12 5 7 7 17 12 10 8 8 9 12 10 9 9 11 11 11 13 9 19 14 13 8 7 9 18 8
H8 "063_Group63" 3 25 19 15 7 7 14 9 11 13 12 21 16 10 12 11 10 13 18 14 13 10 10 13 11 15 12 17 13 11
A9 "064_Group64" 23 28 30 11 5 9 12 4 7 3 14 12 22 30 14 9 12 14 13 10 18 26 21 10 14 29 22 12 17 21
B9 "065_Group65" 34 31 27 7 10 5 11 20 19 16 12 13 15 8 11 11 17 19 17 17 12 12 11 10 15 15 8 9 8 5
C9 "066_Group66" 17 25 24 18 14 8 12 12 6 12 10 12 16 15 13 13 13 13 14 17 17 12 9 9 11 10 10 16 10 14
D9 "067_Group67" 37 31 22 21 21 12 16 13 19 11 16 18 13 18 12 10 10 12 20 22 16 15 16 23 22 17 20 19 24 7
E9 "068_Group68" 22 21 23 28 12 7 12 14 13 15 12 12 11 19 9 8 12 11 10 8 17 15 12 12 8 15 7 4 15 11
F9 "069_Group69" 27 28 37 28 33 22 23 21 21 15 23 13 25 15 18 14 19 9 17 9 19 18 16 15 9 17 25 15 13 15
G9 "070_Group70" 24 30 30 7 12 18 17 16 18 13 14 10 8 14 13 16 11 15 18 10 15 17 11 11 12 20 14 18 8 17
H9 "071_Group71" 23 23 28 32 22 12 14 11 11 12 9 12 10 13 14 14 13 10 12 10 13 7 20 10 20 18 17 8 14 14
A10 "072_Group72" 5 7 7 0 28 26 22 14 16 11 21 14 11 14 21 15 13 18 15 10 12 16 12 12 10 11 13 7 18 11
B10 "073_Group73" 17 26 11 13 7 9 17 13 9 10 15 20 14 9 15 7 19 12 13 12 16 17 15 13 19 13 10 17 10 11
C10 "074_Group74" 1 21 27 16 16 16 18 15 14 13 17 13 20 10 17 22 17 18 14 21 10 11 13 14 13 12 11 12 14 16
D10 "075_Group75" 16 25 27 29 40 21 20 9 10 9 18 12 14 15 11 6 12 12 16 16 16 9 11 12 11 21 18 9 14 14
E10 "076_Group76" 20 29 22 16 5 7 6 8 7 7 8 15 11 16 13 11 17 9 9 13 8 14 16 14 22 10 13 10 10 6
F10 "077_Group77" 19 22 22 28 22 14 12 23 22 14 18 18 14 16 12 18 17 17 7 12 14 7 14 19 11 10 14 10 9 9
G10 "078_Group78" 28 27 37 27 17 9 18 27 12 20 22 10 14 11 9 18 14 16 17 12 18 10 13 11 9 12 11 10 9 16
H10 "079_Group79" 11 29 33 26 16 6 19 8 11 12 14 17 10 11 18 17 16 13 12 12 6 12 12 9 9 10 11 17 7 16
A11 "080_Group80" 22 24 30 18 14 17 16 15 18 21 17 19 26 14 12 8 21 20 15 17 16 13 11 14 16 24 14 15 14 10
B11 "081_Group81" 21 17 29 17 14 18 12 14 9 11 8 13 15 19 7 10 7 8 22 15 15 16 14 10 10 11 12 10 9 6
C11 "082_Group82" 24 20 34 17 13 21 16 24 11 18 12 9 14 10 9 15 14 16 14 13 9 20 12 6 8 10 12 13 14 7
D11 "083_Group83" 25 25 32 18 17 20 18 25 13 14 16 13 24 12 14 17 20 15 12 10 10 13 10 21 15 9 14 21 13 10
E11 "084_Group84" 15 23 26 26 17 16 15 21 19 13 19 25 14 21 19 21 25 12 16 19 12 15 15 17 13 21 10 6 13 13
F11 "085_Group85" 28 20 17 14 26 23 21 21 22 21 11 17 20 15 10 18 15 14 14 13 15 11 14 10 11 11 11 11 17 6
G11 "086_Group86" 28 23 26 23 25 22 21 19 16 27 20 10 15 18 27 15 14 11 19 17 13 15 9 7 7 7 11 10 12 6
H11 "087_Group87" 20 18 21 21 28 15 19 15 20 12 14 16 25 15 22 13 22 23 18 22 18 17 13 14 13 16 14 11 9 11
A12 "088_Group88" 17 28 27 22 23 19 21 18 13 21 16 13 8 11 7 10 17 24 26 12 16 12 17 22 11 8 13 15 19 17
B12 "089_Group89" 32 30 25 19 15 19 10 12 13 15 6 9 9 17 13 20 14 6 18 16 18 16 12 9 24 17 26 18 18 16
C12 "090_Group90" 23 28 17 23 30 21 27 20 24 19 11 20 12 22 21 23 20 12 6 18 13 13 20 15 14 14 11 14 14 27
D12 "091_Group91" 29 26 20 16 19 18 23 21 19 17 15 18 16 16 19 11 11 13 22 14 9 18 14 22 12 18 15 14 19 14
E12 "092_Group92" 33 28 25 23 22 21 22 24 19 13 18 20 15 14 20 13 18 12 15 20 18 15 18 14 14 13 15 20 12 16
F12 "093_Group93" 31 25 28 23 20 20 18 16 13 11 19 13 8 13 14 15 11 11 11 14 11 9 17 13 20 18 13 15 13 15
G12 "094_Group94" 28 30 27 14 14 22 20 21 15 24 20 21 21 18 14 17 16 17 15 12 12 12 14 21 17 15 8 9 17 9
H12 "095_Group95" 26 29 20 18 21 19 20 19 20 11 18 19 24 16 14 21 16 18 14 14 18 7 7 15 11 14 12 14 15 16

"<<<<<< Channel Activity >>>>>>"
Channel Well Group/Time[m] 2 4 6 8 10 12 14 16 18 20 22 24 26 28 30 32 34 36 38 40 42 44 46 48 50 52 54 56 58 60
CH0 A1.0 "000_Group0" 34 30 29 10 13 13 17 17 12 11 12 8 12 20 12 10 15 10 14 18 21 18 17 19 13 25 16 14 14 22
CH2 B1.0 "001_Group1" 25 38 21 16 19 19 22 25 14 17 21 15 16 11 11 13 24 17 21 16 17 19 24 16 15 21 22 19 12 14
CH4 C1.0 "002_Group2" 24 17 23 15 12 10 8 13 12 6 5 5 9 13 13 16 12 9 6 9 15 6 6 15 14 7 13 10 8 10
CH6 D1.0 "003_Group3" 24 19 18 22 21 16 14 14 10 20 19 15 16 12 16 13 9 10 13 10 12 17 14 21 13 16 11 10 8 8
CH8 E1.0 "004_Group4" 19 22 26 18 26 20 21 21 24 19 14 14 9 15 21 23 17 15 17 25 21 12 14 13 8 9 17 15 17 11
CH10 F1.0 "005_Group5" 15 23 29 17 16 19 23 21 18 15 12 17 11 11 17 11 14 15 11 17 12 13 10 9 13 11 13 21 12 14
CH12 G1.0 "006_Group6" 24 19 31 30 23 27 14 22 22 22 27 21 18 22 28 30 19 12 13 26 16 24 17 17 17 13 13 17 14 14
CH14 H1.0 "007_Group7" 21 24 16 18 19 14 14 21 23 15 19 17 10 14 10 18 15 12 7 12 16 8 16 16 10 17 14 19 13 17
CH32 A2.0 "008_Group8" 16 19 9 13 6 8 21 16 10 12 12 6 12 7 13 15 11 9 12 8 14 14 13 11 14 13 12 18 13 9
CH34 B2.0 "009_Group9" 29 25 12 1 15 13 19 8 15 15 10 17 7 13 15 13 11 14 11 10 15 9 12 10 16 8 16 13 9 9
CH36 C2.0 "010_Group10" 22 23 20 6 7 9 15 9 15 18 17 13 13 12 11 11 13 13 8 11 13 7 10 13 8 11 18 16 8 9
CH38 D2.0 "011_Group11" 24 11 5 2 4 14 18 14 13 10 11 12 11 16 10 7 8 10 14 17 13 11 14 8 13 14 12 9 9 7
CH40 E2.0 "012_Group12" 15 17 25 12 7 10 9 10 12 13 5 10 10 14 10 11 9 11 14 9 8 15 12 10 5 7 11 14 12 10
CH42 F2.0 "013_Group13" 19 25 21 8 9 15 12 7 15 14 10 15 17 11 7 11 8 10 12 17 18 9 9 13 9 7 9 15 11 13
CH44 G2.0 "014_Group14" 14 20 13 11 10 13 21 13 17 19 11 17 19 12 13 18 16 20 15 19 16 15 12 12 11 8 19 9 10 13
CH46 H2.0 "015_Group15" 19 29 14 9 13 11 23 19 12 14 13 14 21 14 11 11 9 12 18 14 7 13 9 11 10 6 8 12 15 15
CH64 A3.0 "016_Group16" 21 31 8 11 19 24 26 15 27 17 17 16 10 11 12 13 10 12 11 9 11 17 14 11 11 17 19 14 11 21
CH66 B3.0 "017_Group17" 15 24 27 20 6 9 13 11 11 15 13 13 13 11 15 13 9 14 17 14 13 15 16 12 13 10 9 17 13 14
CH68 C3.0 "018_Group18" 16 27 22 16 6 8 8 12 12 16 13 19 19 20 15 18 14 11 13 8 9 12 9 9 18 23 11 17 7 11
CH70 D3.0 "019_Group19" 5 28 26 21 18 12 22 23 11 13 14 15 19 20 21 13 20 18 11 14 10 13 11 8 13 12 12 11 13 13
CH72 E3.0 "020_Group20" 24 25 15 15 27 14 14 13 22 17 18 25 14 16 12 5 11 8 13 10 12 11 13 9 7 14 12 9 10 10
CH74 F3.0 "021_Group21" 15 30 21 11 15 16 17 21 19 17 16 13 18 16 13 15 10 17 18 13 20 10 10 20 12 13 8 14 6 10
CH76 G3.0 "022_Group22" 19 32 21 21 15 22 14 27 43 26 23 14 11 14 15 15 11 10 14 13 13 20 15 14 18 17 18 14 16 16
CH78 H3.0 "023_Group23" 7 21 14 21 9 11 13 19 18 15 23 18 23 14 18 10 16 18 13 14 14 11 15 11 8 15 12 17 7 9
CH96 A4.0 "024_Group24" 18 14 4 1 8 6 13 11 6 5 7 8 8 7 6 6 8 15 10 7 6 7 11 11 8 10 13 7 9 8
CH98 B4.0 "025_Group25" 17 19 2 3 6 11 10 11 14 12 12 12 10 8 13 11 14 9 8 11 12 10 11 9 6 6 15 13 5 11
CH100 C4.0 "026_Group26" 10 21 12 5 9 5 5 4 1 4 10 11 8 17 12 9 10 13 13 8 13 15 15 10 6 11 11 8 11 10
CH102 D4.0 "027_Group27" 21 15 15 6 6 16 4 5 8 12 10 11 10 9 11 7 11 12 13 11 12 11 11 11 12 8 10 14 16 11
CH104 E4.0 "028_Group28" 18 30 29 20 17 23 11 14 15 14 10 14 8 11 8 14 12 17 12 12 10 10 10 9 7 13 11 12 9 16
CH106 F4.0 "029_Group29" 12 16 15 9 14 11 9 17 18 9 10 16 11 9 7 7 6 9 14 14 10 13 10 12 12 8 9 9 7 5
CH108 G4.0 "030_Group30" 17 19 20 7 12 12 15 9 9 8 8 14 8 11 5 14 6 17 14 14 14 8 14 7 11 10 10 9 5 16
CH110 H4.0 "031_Group31" 15 12 12 3 5 10 15 15 18 10 18 16 10 9 16 17 10 15 15 15 9 13 6 10 10 14 11 11 9 10
CH128 A5.0 "032_Group32" 19 33 25 27 21 15 17 16 14 12 14 17 11 12 9 10 14 12 15 11 15 14 18 15 13 18 14 12 13 11
CH130 B5.0 "033_Group33" 20 24 26 30 6 8 11 16 14 11 15 16 18 11 15 11 16 15 7 11 13 14 14 16 14 20 18 15 15 13
CH132 C5.0 "034_Group34" 28 40 46 17 3 8 9 10 4 15 18 15 15 16 14 13 14 13 20 14 14 20 16 19 11 20 13 11 14 19
CH134 D5.0 "035_Group35" 6 32 32 25 11 12 8 8 18 15 16 15 11 8 14 14 15 13 10 11 14 10 12 14 17 17 14 24 15 11
CH136 E5.0 "036_Group36" 0 11 23 28 35 22 25 26 14 8 10 16 16 14 17 13 12 12 9 9 10 7 12 14 5 11 14 9 10 12
CH138 F5.0 "037_Group37" 17 21 27 22 15 3 6 8 6 11 5 9 14 11 9 14 13 9 17 12 10 11 9 7 13 9 9 14 10 9
CH140 G5.0 "038_Group38" 33 41 35 36 24 12 13 21 19 17 14 16 14 13 15 15 14 17 19 13 16 13 19 22 21 18 21 19 17 10
CH142 H5.0 "039_Group39" 31 29 20 18 3 15 19 21 13 9 17 20 14 12 22 16 19 16 13 12 12 22 15 13 12 8 10 19 10 13
CH160 A6.0 "040_Group40" 25 18 8 12 14 11 9 20 13 8 10 13 13 12 8 6 14 14 12 13 21 17 16 15 16 17 15 12 17 6
CH162 B6.0 "041_Group41" 29 22 22 41 32 10 9 7 6 12 12 15 12 13 7 12 12 13 11 11 11 14 13 11 11 11 11 15 10 14
CH164 C6.0 "042_Group42" 31 27 20 13 15 20 18 15 16 14 17 13 13 17 13 16 14 16 13 9 7 10 16 16 15 13 14 14 15 12
CH166 D6.0 "043_Group43" 31 16 25 31 21 15 5 17 19 17 17 17 21 20 21 18 12 17 13 12 10 10 9 18 10 16 14 14 8 9
CH168 E6.0 "044_Group44" 21 26 27 17 10 9 7 12 13 12 18 15 9 7 15 17 8 12 9 13 20 9 18 11 11 9 13 10 13 17
CH170 F6.0 "045_Group45" 21 32 30 11 6 13 19 23 18 18 18 22 15 18 15 12 16 13 17 19 14 15 12 9 10 14 7 8 7 11
CH172 G6.0 "046_Group46" 27 24 26 16 19 21 18 14 19 12 23 20 14 17 20 15 17 13 13 11 10 9 15 19 13 10 15 11 13 16
CH174 H6.0 "047_Group47" 21 29 23 25 25 20 11 20 12 15 26 21 19 22 19 30 25 16 14 17 11 9 13 14 5 9 13 13 14 16
CH192 A7.0 "048_Group48" 22 28 21 12 5 5 13 11 14 9 3 16 13 20 10 11 12 12 16 15 18 10 21 13 10 10 16 14 13 10
CH194 B7.0 "049_Group49" 28 25 18 20 10 13 13 27 11 9 11 5 6 15 8 16 6 18 14 19 11 12 14 10 10 9 7 10 13 5
CH196 C7.0 "050_Group50" 33 30 29 16 38 31 17 20 31 36 26 24 14 16 15 10 12 8 11 8 14 7 12 19 10 11 11 11 6 15
CH198 D7.0 "051_Group51" 29 31 30 11 11 9 17 9 14 9 17 12 11 9 12 17 9 7 13 7 20 23 16 16 18 8 8 5 17 11
CH200 E7.0 "052_Group52" 19 21 13 12 7 6 11 2 8 9 10 11 19 21 9 10 16 21 13 10 11 12 14 15 12 15 17 10 9 14
CH202 F7.0 "053_Group53" 17 25 30 20 14 19 7 9 24 15 13 12 14 17 17 10 11 17 14 9 15 13 13 10 9 8 13 7 8 11
CH204 G7.0 "054_Group54" 37 33 35 22 17 14 18 19 14 15 16 13 18 12 13 5 11 10 14 7 12 17 13 13 11 19 17 8 9 9
CH206 H7.0 "055_Group55" 19 26 35 10 10 10 18 17 18 21 19 20 17 18 19 13 15 17 11 21 18 18 19 12 10 13 18 7 11 13
CH224 A8.0 "056_Group56" 22 23 21 9 16 13 16 16 13 14 16 8 15 11 14 14 15 15 17 8 11 11 10 16 10 11 13 12 15 11
CH226 B8.0 "057_Group57" 25 26 13 18 9 10 7 15 8 1 10 12 12 11 10 9 3 9 9 9 11 6 11 8 17 11 8 11 10 8
CH228 C8.0 "058_Group58" 19 18 10 15 14 17 10 9 19 8 16 16 13 12 14 12 18 16 17 21 17 10 8 11 12 17 11 12 7 5
CH230 D8.0 "059_Group59" 28 21 4 6 14 14 20 12 16 13 11 10 10 9 13 11 9 9 11 16 7 11 12 15 7 13 12 12 13 9
CH232 E8.0 "060_Group60" 21 14 3 1 2 13 11 5 12 9 6 6 11 6 10 11 12 12 13 12 12 6 11 5 15 9 8 6 16 9
CH234 F8.0 "061_Group61" 23 17 13 16 9 21 14 15 13 15 14 14 12 10 10 10 14 13 11 13 16 18 14 16 12 12 15 16 13 15
CH236 G8.0 "062_Group62" 20 27 19 12 5 7 7 17 12 10 8 8 9 12 10 9 9 11 11 11 13 9 19 14 13 8 7 9 18 8
CH238 H8.0 "063_Group63" 3 25 19 15 7 7 14 9 11 13 12 21 16 10 12 11 10 13 18 14 13 10 10 13 11 15 12 17 13 11
CH256 A9.0 "064_Group64" 23 28 30 11 5 9 12 4 7 3 14 12 22 30 14 9 12 14 13 10 18 26 21 10 14 29 22 12 17 21
CH258 B9.0 "065_Group65" 34 31 27 7 10 5 11 20 19 16 12 13 15 8 11 11 17 19 17 17 12 12 11 10 15 15 8 9 8 5
CH260 C9.0 "066_Group66" 17 25 24 18 14 8 12 12 6 12 10 12 16 15 13 13 13 13 14 17 17 12 9 9 11 10 10 16 10 14
CH262 D9.0 "067_Group67" 37 31 22 21 21 12 16 13 19 11 16 18 13 18 12 10 10 12 20 22 16 15 16 23 22 17 20 19 24 7
CH264 E9.0 "068_Group68" 22 21 23 28 12 7 12 14 13 15 12 12 11 19 9 8 12 11 10 8 17 15 12 12 8 15 7 4 15 11
CH266 F9.0 "069_Group69" 27 28 37 28 33 22 23 21 21 15 23 13 25 15 18 14 19 9 17 9 19 18 16 15 9 17 25 15 13 15
CH268 G9.0 "070_Group70" 24 30 30 7 12 18 17 16 18 13 14 10 8 14 13 16 11 15 18 10 15 17 11 11 12 20 14 18 8 17
CH270 H9.0 "071_Group71" 23 23 28 32 22 12 14 11 11 12 9 12 10 13 14 14 13 10 12 10 13 7 20 10 20 18 17 8 14 14
CH288 A10.0 "072_Group72" 5 7 7 0 28 26 22 14 16 11 21 14 11 14 21 15 13 18 15 10 12 16 12 12 10 11 13 7 18 11
CH290 B10.0 "073_Group73" 17 26 11 13 7 9 17 13 9 10 15 20 14 9 15 7 19 12 13 12 16 17 15 13 19 13 10 17 10 11
CH292 C10.0 "074_Group74" 1 21 27 16 16 16 18 15 14 13 17 13 20 10 17 22 17 18 14 21 10 11 13 14 13 12 11 12 14 16
CH294 D10.0 "075_Group75" 16 25 27 29 40 21 20 9 10 9 18 12 14 15 11 6 12 12 16 16 16 9 11 12 11 21 18 9 14 14
CH296 E10.0 "076_Group76" 20 29 22 16 5 7 6 8 7 7 8 15 11 16 13 11 17 9 9 13 8 14 16 14 22 10 13 10 10 6
CH298 F10.0 "077_Group77" 19 22 22 28 22 14 12 23 22 14 18 18 14 16 12 18 17 17 7 12 14 7 14 19 11 10 14 10 9 9
CH300 G10.0 "078_Group78" 28 27 37 27 17 9 18 27 12 20 22 10 14 11 9 18 14 16 17 12 18 10 13 11 9 12 11 10 9 16
CH302 H10.0 "079_Group79" 11 29 33 26 16 6 19 8 11 12 14 17 10 11 18 17 16 13 12 12 6 12 12 9 9 10 11 17 7 16
CH320 A11.0 "080_Group80" 22 24 30 18 14 17 16 15 18 21 17 19 26 14 12 8 21 20 15 17 16 13 11 14 16 24 14 15 14 10
CH322 B11.0 "081_Group81" 21 17 29 17 14 18 12 14 9 11 8 13 15 19 7 10 7 8 22 15 15 16 14 10 10 11 12 10 9 6
CH324 C11.0 "082_Group82" 24 20 34 17 13 21 16 24 11 18 12 9 14 10 9 15 14 16 14 13 9 20 12 6 8 10 12 13 14 7
CH326 D11.0 "083_Group83" 25 25 32 18 17 20 18 25 13 14 16 13 24 12 14 17 20 15 12 10 10 13 10 21 15 9 14 21 13 10
CH328 E11.0 "084_Group84" 15 23 26 26 17 16 15 21 19 13 19 25 14 21 19 21 25 12 16 19 12 15 15 17 13 21 10 6 13 13
CH330 F11.0 "085_Group85" 28 20 17 14 26 23 21 21 22 21 11 17 20 15 10 18 15 14 14 13 15 11 14 10 11 11 11 11 17 6
CH332 G11.0 "086_Group86" 28 23 26 23 25 22 21 19 16 27 20 10 15 18 27 15 14 11 19 17 13 15 9 7 7 7 11 10 12 6
CH334 H11.0 "087_Group87" 20 18 21 21 28 15 19 15 20 12 14 16 25 15 22 13 22 23 18 22 18 17 13 14 13 16 14 11 9 11
CH352 A12.0 "088_Group88" 17 28 27 22 23 19 21 18 13 21 16 13 8 11 7 10 17 24 26 12 16 12 17 22 11 8 13 15 19 17
CH354 B12.0 "089_Group89" 32 30 25 19 15 19 10 12 13 15 6 9 9 17 13 20 14 6 18 16 18 16 12 9 24 17 26 18 18 16
CH356 C12.0 "090_Group90" 23 28 17 23 30 21 27 20 24 19 11 20 12 22 21 23 20 12 6 18 13 13 20 15 14 14 11 14 14 27
CH358 D12.0 "091_Group91" 29 26 20 16 19 18 23 21 19 17 15 18 16 16 19 11 11 13 22 14 9 18 14 22 12 18 15 14 19 14
CH360 E12.0 "092_Group92" 33 28 25 23 22 21 22 24 19 13 18 20 15 14 20 13 18 12 15 20 18 15 18 14 14 13 15 20 12 16
CH362 F12.0 "093_Group93" 31 25 28 23 20 20 18 16 13 11 19 13 8 13 14 15 11 11 11 14 11 9 17 13 20 18 13 15 13 15
CH364 G12.0 "094_Group94" 28 30 27 14 14 22 20 21 15 24 20 21 21 18 14 17 16 17 15 12 12 12 14 21 17 15 8 9 17 9
CH366 H12.0 "095_Group95" 26 29 20 18 21 19 20 19 20 11 18 19 24 16 14 21 16 18 14 14 18 7 7 15 11 14 12 14 15 16
