"DATE:" "2/26/2015 5:09:02 PM"
"FILE:" "C:\Users\AndersenLab\Desktop\wmicrotracker\p00011\20150226_1607"
"SUBPROJECT:" "20150226_levamisole_150"

"<<<<<< Group Activity: Average Activity Counts per Data Interval>>>>>>"
Group/Time[m] 2 4 6 8 10 12 14 16 18 20 22 24 26 28 30 32 34 36 38 40 42 44 46 48 50 52 54 56 58 60
"000_Group0" 10 5 4 4 7 10 4 6 0 3 1 3 8 11 10 11 4 9 12 9 10 15 13 7 10 6 8 11 13 13
"001_Group1" 0 1 2 7 1 3 5 2 1 3 8 7 8 12 11 8 13 10 13 12 6 6 17 13 11 16 7 18 14 12
"002_Group2" 0 7 5 5 8 10 6 3 1 2 8 5 6 10 9 11 10 12 8 8 6 11 13 3 9 7 8 8 11 12
"003_Group3" 13 5 2 3 6 0 2 0 0 3 9 9 8 11 14 15 9 20 20 18 11 8 22 21 23 10 15 10 15 6
"004_Group4" 0 9 2 4 12 3 1 6 0 4 3 2 2 10 16 13 5 14 7 9 20 14 10 9 10 14 7 9 5 18
"005_Group5" 0 4 2 3 15 3 14 6 3 0 0 11 6 15 15 13 11 8 8 12 11 9 9 12 6 9 13 14 10 5
"006_Group6" 2 0 4 4 1 3 5 0 2 4 2 5 9 6 13 11 5 5 22 11 17 10 14 19 13 16 13 8 13 18
"007_Group7" 6 6 4 5 9 8 6 2 0 4 6 5 7 5 7 12 6 11 14 16 9 8 11 5 10 5 7 10 11 5
"008_Group8" 11 2 4 1 4 8 10 12 5 19 7 10 7 13 16 10 10 9 11 5 8 9 10 8 4 10 9 10 5 8
"009_Group9" 15 5 4 5 9 2 1 5 18 17 10 16 7 7 8 13 16 14 10 5 15 7 5 6 9 8 10 8 12 7
"010_Group10" 9 6 3 2 7 5 7 18 20 12 13 5 11 12 10 12 8 13 15 12 9 11 14 10 11 16 12 8 9 10
"011_Group11" 5 15 9 6 9 8 16 10 10 7 8 16 14 17 15 14 12 12 13 18 13 10 8 9 15 9 9 8 11 10
"012_Group12" 6 3 1 4 7 7 8 6 6 15 9 13 7 12 15 15 11 11 4 9 9 14 9 6 6 11 5 9 9 9
"013_Group13" 11 8 2 3 7 9 11 17 23 19 7 16 16 10 9 5 13 14 11 5 6 7 11 8 10 10 12 12 11 12
"014_Group14" 3 5 8 4 7 10 7 8 10 15 16 13 11 12 3 8 6 9 13 14 14 13 10 8 12 15 7 9 5 8
"015_Group15" 3 10 3 2 9 5 6 9 11 14 7 5 4 1 4 7 4 2 3 2 1 9 8 1 1 1 0 4 3 1
"016_Group16" 2 1 1 1 5 8 6 2 3 2 0 1 5 4 7 6 6 4 6 10 4 1 2 7 14 10 7 8 8 3
"017_Group17" 1 7 2 7 3 0 0 0 0 0 1 14 14 6 6 6 7 12 16 19 6 6 9 8 9 10 7 10 13 9
"018_Group18" 0 0 3 1 0 2 7 2 0 0 1 1 6 7 14 9 10 11 8 14 17 5 9 11 12 9 11 9 12 9
"019_Group19" 1 3 3 3 7 3 1 4 4 0 0 2 2 5 11 15 4 5 2 7 6 14 7 9 2 13 10 12 16 7
"020_Group20" 8 7 10 14 12 3 7 1 0 0 0 13 6 7 11 9 15 22 14 11 13 12 20 9 9 16 19 9 13 10
"021_Group21" 2 4 8 4 10 10 0 2 2 0 0 0 1 0 3 11 8 6 12 14 11 8 10 10 6 10 14 15 6 9
"022_Group22" 10 10 8 4 5 4 0 0 0 1 4 6 11 11 14 13 12 18 18 20 12 7 12 10 14 13 14 14 15 15
"023_Group23" 3 0 0 1 4 7 3 2 0 1 9 4 7 4 8 5 13 12 9 9 11 10 12 9 6 8 5 5 5 4
"024_Group24" 6 5 2 5 9 2 5 4 2 3 3 1 4 9 7 17 12 8 7 14 16 20 6 5 9 9 9 6 8 14
"025_Group25" 2 1 0 2 4 4 5 5 10 3 0 3 5 1 7 8 7 3 14 7 11 21 15 10 8 8 8 8 8 10
"026_Group26" 1 4 9 5 4 11 6 4 4 2 2 9 2 4 8 7 2 8 8 5 14 22 24 15 13 17 18 13 15 10
"027_Group27" 3 3 3 7 7 7 1 6 8 8 1 6 7 1 3 3 8 4 4 12 24 19 11 10 11 18 16 9 4 9
"028_Group28" 0 2 4 7 4 5 6 8 4 1 0 6 7 4 13 18 5 6 21 17 20 15 13 8 10 13 19 13 5 12
"029_Group29" 2 0 3 4 8 7 8 10 9 7 16 14 1 3 8 5 8 10 13 17 17 26 14 15 22 18 7 9 15 13
"030_Group30" 6 1 10 5 6 6 3 7 8 9 5 4 8 10 23 14 6 6 17 14 15 14 16 12 7 9 16 15 20 12
"031_Group31" 2 7 3 4 4 4 4 0 2 1 1 1 3 7 11 14 5 1 8 2 10 9 9 8 9 15 4 8 6 5
"032_Group32" 3 8 3 5 6 10 4 6 5 6 5 8 17 9 15 11 16 11 8 10 18 12 9 9 10 14 15 15 12 11
"033_Group33" 0 2 3 5 7 7 0 2 0 3 6 1 3 6 11 8 9 9 9 21 18 9 17 12 5 11 13 10 17 7
"034_Group34" 3 9 3 1 1 3 6 13 6 2 2 1 4 7 14 14 22 9 11 14 9 11 10 11 7 8 15 14 17 8
"035_Group35" 1 4 4 10 9 5 1 0 0 1 5 11 5 0 4 16 9 13 6 6 14 10 14 8 11 10 14 18 12 8
"036_Group36" 2 2 8 6 11 8 12 3 7 1 9 4 9 7 21 21 11 18 13 20 15 24 19 16 15 20 19 12 14 7
"037_Group37" 4 2 13 5 6 12 10 14 9 4 5 7 5 2 6 3 9 14 19 11 13 13 10 17 19 11 10 19 14 9
"038_Group38" 2 3 3 12 7 11 5 4 2 0 1 0 2 11 9 6 13 10 10 8 8 7 15 18 11 7 13 9 11 8
"039_Group39" 8 5 6 12 9 6 5 0 0 0 0 3 0 0 4 11 6 9 10 10 13 12 12 9 11 14 9 12 12 9
"040_Group40" 4 7 8 2 7 11 5 6 1 5 11 1 11 17 8 5 8 16 15 11 10 11 15 9 12 8 10 10 10 17
"041_Group41" 4 6 5 7 4 4 7 1 4 0 0 8 3 0 13 18 15 15 6 14 20 21 21 23 12 8 8 14 16 10
"042_Group42" 5 1 4 5 4 12 8 11 8 12 6 5 6 4 0 8 10 9 9 22 28 17 17 17 9 13 21 14 10 11
"043_Group43" 5 5 4 6 10 3 1 0 1 0 0 3 11 16 15 11 6 27 18 13 10 12 11 8 16 18 19 10 14 10
"044_Group44" 5 5 4 10 6 3 2 1 3 0 0 0 4 0 10 1 10 18 11 13 11 17 14 7 11 12 13 16 8 9
"045_Group45" 2 11 7 10 7 5 17 9 10 8 18 9 5 4 6 11 5 14 14 16 19 20 21 21 9 14 14 16 14 15
"046_Group46" 6 8 6 11 8 8 8 6 2 3 12 1 1 2 7 7 6 15 16 12 7 13 14 27 19 15 5 11 12 12
"047_Group47" 2 5 4 8 11 7 3 3 1 1 0 9 16 10 6 6 12 15 18 12 14 11 9 4 7 12 14 6 10 5
"048_Group48" 4 5 2 3 8 8 6 11 1 2 3 6 11 13 8 13 8 0 10 18 7 12 11 11 19 12 19 15 6 6
"049_Group49" 4 2 1 1 1 7 9 17 11 0 10 6 2 5 5 15 9 7 5 10 15 10 19 21 9 12 8 8 9 16
"050_Group50" 7 9 4 2 4 11 3 3 4 11 2 6 8 2 3 1 4 13 14 9 10 12 12 6 14 14 17 14 10 11
"051_Group51" 1 4 6 6 4 6 9 13 19 9 4 0 1 1 4 6 4 9 4 6 1 13 13 8 8 11 12 18 13 13
"052_Group52" 2 8 4 4 3 13 5 12 9 4 6 6 4 7 4 2 9 7 8 9 9 11 16 11 11 11 14 12 14 12
"053_Group53" 7 3 11 9 2 6 0 2 7 7 12 2 3 5 13 7 9 12 10 12 10 12 16 16 17 13 14 11 11 11
"054_Group54" 6 0 0 4 12 14 19 7 10 8 4 5 9 8 7 2 4 17 8 11 7 12 12 10 12 9 12 10 9 12
"055_Group55" 3 2 3 3 15 6 7 7 10 7 4 7 4 4 6 1 8 13 11 8 11 9 14 11 10 15 10 12 10 15
"056_Group56" 1 3 4 2 12 6 6 16 9 3 4 10 16 13 14 14 14 13 18 8 16 9 13 12 14 11 6 12 15 5
"057_Group57" 1 0 0 3 8 19 7 14 10 10 9 12 8 7 9 9 11 9 11 19 11 14 13 11 8 6 7 8 11 3
"058_Group58" 9 3 13 12 10 4 9 6 8 16 17 13 5 12 6 13 8 8 7 10 12 11 16 6 11 9 10 11 5 12
"059_Group59" 4 9 12 14 6 6 14 14 20 15 19 15 13 6 7 11 13 15 20 7 8 9 9 11 4 13 7 12 14 14
"060_Group60" 8 3 3 2 4 7 4 9 16 16 10 11 11 10 13 15 15 8 12 6 16 10 11 12 15 11 7 14 12 14
"061_Group61" 4 8 7 6 2 9 8 9 11 13 15 11 10 11 17 9 9 14 14 4 8 11 12 12 4 12 8 14 5 7
"062_Group62" 3 5 5 2 5 5 17 10 8 16 14 14 16 8 9 17 9 14 16 14 10 16 13 17 13 12 10 12 6 1
"063_Group63" 15 8 9 7 6 7 3 6 14 16 16 8 14 9 12 13 12 21 12 17 6 16 12 8 5 11 15 19 18 3
"064_Group64" 8 8 2 10 13 6 5 7 12 2 2 3 4 6 9 7 10 10 12 6 4 8 13 13 17 10 12 12 17 11
"065_Group65" 0 11 6 7 9 7 11 7 8 12 6 8 2 1 9 3 10 16 7 8 9 7 5 5 11 7 7 10 8 11
"066_Group66" 3 5 1 5 5 5 0 8 3 1 1 1 0 3 0 2 8 11 10 18 13 18 10 8 15 9 12 11 12 13
"067_Group67" 2 7 4 6 5 3 10 1 9 6 11 17 7 3 0 6 2 3 3 3 21 14 15 18 14 13 17 14 11 5
"068_Group68" 11 1 3 5 6 6 6 2 2 4 1 0 2 2 3 1 8 8 15 6 7 11 16 9 12 12 8 8 13 20
"069_Group69" 0 6 5 7 4 1 3 6 4 5 5 1 1 3 6 3 3 3 2 4 12 18 18 15 14 14 12 18 12 22
"070_Group70" 0 3 0 2 10 8 8 7 6 14 13 23 5 2 6 6 9 10 9 17 13 11 14 11 11 16 11 11 13 11
"071_Group71" 3 2 2 4 4 2 0 16 10 12 7 5 6 7 8 10 0 9 6 14 10 7 12 8 7 12 10 7 13 9
"072_Group72" 2 2 1 3 3 4 3 3 9 2 0 3 9 9 13 4 9 8 12 11 14 9 6 9 9 5 18 9 13 13
"073_Group73" 7 3 11 3 1 1 0 0 0 0 0 0 0 10 4 1 9 13 12 20 11 11 10 11 8 11 17 8 14 14
"074_Group74" 4 2 4 6 11 6 0 1 0 0 5 1 3 8 8 9 7 8 13 14 7 9 12 10 11 16 4 13 8 9
"075_Group75" 6 4 7 11 10 12 8 13 10 1 2 2 1 10 8 13 11 7 2 3 9 9 14 11 8 8 7 13 8 8
"076_Group76" 2 2 3 5 2 1 1 0 1 1 0 7 3 0 11 13 2 17 10 12 15 9 13 15 15 20 16 13 12 5
"077_Group77" 4 10 11 7 4 6 4 10 11 3 5 8 8 2 1 2 8 9 9 7 15 7 8 12 8 9 20 15 11 14
"078_Group78" 0 0 4 7 2 4 2 2 3 6 3 3 0 1 10 19 11 18 15 12 12 18 10 12 9 15 12 14 12 4
"079_Group79" 12 3 3 2 7 9 4 3 6 8 4 0 1 11 11 10 16 9 8 13 18 15 21 15 18 10 9 10 8 6
"080_Group80" 0 5 2 1 1 4 5 12 5 0 3 3 8 1 4 10 13 6 15 8 18 9 7 12 13 13 10 9 8 16
"081_Group81" 0 1 4 8 5 15 11 5 8 9 8 9 1 5 17 9 13 3 16 26 14 10 5 16 10 9 14 12 11 11
"082_Group82" 17 12 25 15 20 19 18 15 21 14 15 12 20 15 23 22 28 21 15 22 20 12 20 25 25 26 24 18 15 26
"083_Group83" 0 0 4 0 9 4 3 7 3 5 7 2 4 4 6 8 8 6 12 13 8 12 13 12 9 14 20 10 14 15
"084_Group84" 0 4 3 2 7 3 15 6 2 1 4 0 0 0 0 2 22 14 14 15 4 6 1 12 15 8 6 8 9 5
"085_Group85" 7 5 8 1 4 7 4 6 8 9 6 9 2 3 0 2 14 16 6 7 16 14 13 14 12 15 11 9 13 10
"086_Group86" 1 0 3 0 4 1 1 3 7 7 8 1 0 4 0 0 3 8 12 5 13 11 15 12 15 14 11 17 10 14
"087_Group87" 11 15 8 7 5 4 3 3 2 0 6 5 1 3 3 20 12 8 8 9 8 9 6 10 7 5 11 12 10 8
"088_Group88" 3 7 6 2 9 2 6 13 11 6 10 17 15 6 10 16 13 4 3 1 1 6 10 9 7 12 8 8 14 1
"089_Group89" 9 5 10 4 3 3 3 4 10 6 4 11 12 18 18 7 1 6 10 13 4 7 13 11 10 10 5 14 6 5
"090_Group90" 9 3 7 2 11 3 5 9 13 10 14 20 11 17 11 9 11 9 12 8 3 15 10 14 9 8 8 7 3 14
"091_Group91" 2 1 4 3 3 8 8 10 10 14 12 20 12 7 5 6 7 2 0 3 7 10 4 9 3 0 5 7 15 11
"092_Group92" 2 2 5 5 0 6 9 7 4 6 4 11 12 9 8 9 8 4 12 3 2 4 5 7 7 2 11 10 4 8
"093_Group93" 6 8 6 5 9 6 5 9 5 17 19 21 16 18 8 5 12 10 13 15 12 2 13 14 14 6 11 12 17 11
"094_Group94" 4 5 5 7 6 11 8 9 13 8 11 16 8 7 11 11 6 7 11 9 8 7 7 12 9 7 5 2 9 7
"095_Group95" 5 9 7 4 7 11 18 9 13 9 5 11 11 9 6 6 2 7 3 1 7 8 10 7 5 10 5 13 3 2

"<<<<<< Group Activity: Number of wells/group >>>>>>"
Group/Time[m] 2 4 6 8 10 12 14 16 18 20 22 24 26 28 30 32 34 36 38 40 42 44 46 48 50 52 54 56 58 60
"000_Group0" 1 1 1 1 1 1 1 1 1 1 1 1 1 1 1 1 1 1 1 1 1 1 1 1 1 1 1 1 1 1
"001_Group1" 1 1 1 1 1 1 1 1 1 1 1 1 1 1 1 1 1 1 1 1 1 1 1 1 1 1 1 1 1 1
"002_Group2" 1 1 1 1 1 1 1 1 1 1 1 1 1 1 1 1 1 1 1 1 1 1 1 1 1 1 1 1 1 1
"003_Group3" 1 1 1 1 1 1 1 1 1 1 1 1 1 1 1 1 1 1 1 1 1 1 1 1 1 1 1 1 1 1
"004_Group4" 1 1 1 1 1 1 1 1 1 1 1 1 1 1 1 1 1 1 1 1 1 1 1 1 1 1 1 1 1 1
"005_Group5" 1 1 1 1 1 1 1 1 1 1 1 1 1 1 1 1 1 1 1 1 1 1 1 1 1 1 1 1 1 1
"006_Group6" 1 1 1 1 1 1 1 1 1 1 1 1 1 1 1 1 1 1 1 1 1 1 1 1 1 1 1 1 1 1
"007_Group7" 1 1 1 1 1 1 1 1 1 1 1 1 1 1 1 1 1 1 1 1 1 1 1 1 1 1 1 1 1 1
"008_Group8" 1 1 1 1 1 1 1 1 1 1 1 1 1 1 1 1 1 1 1 1 1 1 1 1 1 1 1 1 1 1
"009_Group9" 1 1 1 1 1 1 1 1 1 1 1 1 1 1 1 1 1 1 1 1 1 1 1 1 1 1 1 1 1 1
"010_Group10" 1 1 1 1 1 1 1 1 1 1 1 1 1 1 1 1 1 1 1 1 1 1 1 1 1 1 1 1 1 1
"011_Group11" 1 1 1 1 1 1 1 1 1 1 1 1 1 1 1 1 1 1 1 1 1 1 1 1 1 1 1 1 1 1
"012_Group12" 1 1 1 1 1 1 1 1 1 1 1 1 1 1 1 1 1 1 1 1 1 1 1 1 1 1 1 1 1 1
"013_Group13" 1 1 1 1 1 1 1 1 1 1 1 1 1 1 1 1 1 1 1 1 1 1 1 1 1 1 1 1 1 1
"014_Group14" 1 1 1 1 1 1 1 1 1 1 1 1 1 1 1 1 1 1 1 1 1 1 1 1 1 1 1 1 1 1
"015_Group15" 1 1 1 1 1 1 1 1 1 1 1 1 1 1 1 1 1 1 1 1 1 1 1 1 1 1 1 1 1 1
"016_Group16" 1 1 1 1 1 1 1 1 1 1 1 1 1 1 1 1 1 1 1 1 1 1 1 1 1 1 1 1 1 1
"017_Group17" 1 1 1 1 1 1 1 1 1 1 1 1 1 1 1 1 1 1 1 1 1 1 1 1 1 1 1 1 1 1
"018_Group18" 1 1 1 1 1 1 1 1 1 1 1 1 1 1 1 1 1 1 1 1 1 1 1 1 1 1 1 1 1 1
"019_Group19" 1 1 1 1 1 1 1 1 1 1 1 1 1 1 1 1 1 1 1 1 1 1 1 1 1 1 1 1 1 1
"020_Group20" 1 1 1 1 1 1 1 1 1 1 1 1 1 1 1 1 1 1 1 1 1 1 1 1 1 1 1 1 1 1
"021_Group21" 1 1 1 1 1 1 1 1 1 1 1 1 1 1 1 1 1 1 1 1 1 1 1 1 1 1 1 1 1 1
"022_Group22" 1 1 1 1 1 1 1 1 1 1 1 1 1 1 1 1 1 1 1 1 1 1 1 1 1 1 1 1 1 1
"023_Group23" 1 1 1 1 1 1 1 1 1 1 1 1 1 1 1 1 1 1 1 1 1 1 1 1 1 1 1 1 1 1
"024_Group24" 1 1 1 1 1 1 1 1 1 1 1 1 1 1 1 1 1 1 1 1 1 1 1 1 1 1 1 1 1 1
"025_Group25" 1 1 1 1 1 1 1 1 1 1 1 1 1 1 1 1 1 1 1 1 1 1 1 1 1 1 1 1 1 1
"026_Group26" 1 1 1 1 1 1 1 1 1 1 1 1 1 1 1 1 1 1 1 1 1 1 1 1 1 1 1 1 1 1
"027_Group27" 1 1 1 1 1 1 1 1 1 1 1 1 1 1 1 1 1 1 1 1 1 1 1 1 1 1 1 1 1 1
"028_Group28" 1 1 1 1 1 1 1 1 1 1 1 1 1 1 1 1 1 1 1 1 1 1 1 1 1 1 1 1 1 1
"029_Group29" 1 1 1 1 1 1 1 1 1 1 1 1 1 1 1 1 1 1 1 1 1 1 1 1 1 1 1 1 1 1
"030_Group30" 1 1 1 1 1 1 1 1 1 1 1 1 1 1 1 1 1 1 1 1 1 1 1 1 1 1 1 1 1 1
"031_Group31" 1 1 1 1 1 1 1 1 1 1 1 1 1 1 1 1 1 1 1 1 1 1 1 1 1 1 1 1 1 1
"032_Group32" 1 1 1 1 1 1 1 1 1 1 1 1 1 1 1 1 1 1 1 1 1 1 1 1 1 1 1 1 1 1
"033_Group33" 1 1 1 1 1 1 1 1 1 1 1 1 1 1 1 1 1 1 1 1 1 1 1 1 1 1 1 1 1 1
"034_Group34" 1 1 1 1 1 1 1 1 1 1 1 1 1 1 1 1 1 1 1 1 1 1 1 1 1 1 1 1 1 1
"035_Group35" 1 1 1 1 1 1 1 1 1 1 1 1 1 1 1 1 1 1 1 1 1 1 1 1 1 1 1 1 1 1
"036_Group36" 1 1 1 1 1 1 1 1 1 1 1 1 1 1 1 1 1 1 1 1 1 1 1 1 1 1 1 1 1 1
"037_Group37" 1 1 1 1 1 1 1 1 1 1 1 1 1 1 1 1 1 1 1 1 1 1 1 1 1 1 1 1 1 1
"038_Group38" 1 1 1 1 1 1 1 1 1 1 1 1 1 1 1 1 1 1 1 1 1 1 1 1 1 1 1 1 1 1
"039_Group39" 1 1 1 1 1 1 1 1 1 1 1 1 1 1 1 1 1 1 1 1 1 1 1 1 1 1 1 1 1 1
"040_Group40" 1 1 1 1 1 1 1 1 1 1 1 1 1 1 1 1 1 1 1 1 1 1 1 1 1 1 1 1 1 1
"041_Group41" 1 1 1 1 1 1 1 1 1 1 1 1 1 1 1 1 1 1 1 1 1 1 1 1 1 1 1 1 1 1
"042_Group42" 1 1 1 1 1 1 1 1 1 1 1 1 1 1 1 1 1 1 1 1 1 1 1 1 1 1 1 1 1 1
"043_Group43" 1 1 1 1 1 1 1 1 1 1 1 1 1 1 1 1 1 1 1 1 1 1 1 1 1 1 1 1 1 1
"044_Group44" 1 1 1 1 1 1 1 1 1 1 1 1 1 1 1 1 1 1 1 1 1 1 1 1 1 1 1 1 1 1
"045_Group45" 1 1 1 1 1 1 1 1 1 1 1 1 1 1 1 1 1 1 1 1 1 1 1 1 1 1 1 1 1 1
"046_Group46" 1 1 1 1 1 1 1 1 1 1 1 1 1 1 1 1 1 1 1 1 1 1 1 1 1 1 1 1 1 1
"047_Group47" 1 1 1 1 1 1 1 1 1 1 1 1 1 1 1 1 1 1 1 1 1 1 1 1 1 1 1 1 1 1
"048_Group48" 1 1 1 1 1 1 1 1 1 1 1 1 1 1 1 1 1 1 1 1 1 1 1 1 1 1 1 1 1 1
"049_Group49" 1 1 1 1 1 1 1 1 1 1 1 1 1 1 1 1 1 1 1 1 1 1 1 1 1 1 1 1 1 1
"050_Group50" 1 1 1 1 1 1 1 1 1 1 1 1 1 1 1 1 1 1 1 1 1 1 1 1 1 1 1 1 1 1
"051_Group51" 1 1 1 1 1 1 1 1 1 1 1 1 1 1 1 1 1 1 1 1 1 1 1 1 1 1 1 1 1 1
"052_Group52" 1 1 1 1 1 1 1 1 1 1 1 1 1 1 1 1 1 1 1 1 1 1 1 1 1 1 1 1 1 1
"053_Group53" 1 1 1 1 1 1 1 1 1 1 1 1 1 1 1 1 1 1 1 1 1 1 1 1 1 1 1 1 1 1
"054_Group54" 1 1 1 1 1 1 1 1 1 1 1 1 1 1 1 1 1 1 1 1 1 1 1 1 1 1 1 1 1 1
"055_Group55" 1 1 1 1 1 1 1 1 1 1 1 1 1 1 1 1 1 1 1 1 1 1 1 1 1 1 1 1 1 1
"056_Group56" 1 1 1 1 1 1 1 1 1 1 1 1 1 1 1 1 1 1 1 1 1 1 1 1 1 1 1 1 1 1
"057_Group57" 1 1 1 1 1 1 1 1 1 1 1 1 1 1 1 1 1 1 1 1 1 1 1 1 1 1 1 1 1 1
"058_Group58" 1 1 1 1 1 1 1 1 1 1 1 1 1 1 1 1 1 1 1 1 1 1 1 1 1 1 1 1 1 1
"059_Group59" 1 1 1 1 1 1 1 1 1 1 1 1 1 1 1 1 1 1 1 1 1 1 1 1 1 1 1 1 1 1
"060_Group60" 1 1 1 1 1 1 1 1 1 1 1 1 1 1 1 1 1 1 1 1 1 1 1 1 1 1 1 1 1 1
"061_Group61" 1 1 1 1 1 1 1 1 1 1 1 1 1 1 1 1 1 1 1 1 1 1 1 1 1 1 1 1 1 1
"062_Group62" 1 1 1 1 1 1 1 1 1 1 1 1 1 1 1 1 1 1 1 1 1 1 1 1 1 1 1 1 1 1
"063_Group63" 1 1 1 1 1 1 1 1 1 1 1 1 1 1 1 1 1 1 1 1 1 1 1 1 1 1 1 1 1 1
"064_Group64" 1 1 1 1 1 1 1 1 1 1 1 1 1 1 1 1 1 1 1 1 1 1 1 1 1 1 1 1 1 1
"065_Group65" 1 1 1 1 1 1 1 1 1 1 1 1 1 1 1 1 1 1 1 1 1 1 1 1 1 1 1 1 1 1
"066_Group66" 1 1 1 1 1 1 1 1 1 1 1 1 1 1 1 1 1 1 1 1 1 1 1 1 1 1 1 1 1 1
"067_Group67" 1 1 1 1 1 1 1 1 1 1 1 1 1 1 1 1 1 1 1 1 1 1 1 1 1 1 1 1 1 1
"068_Group68" 1 1 1 1 1 1 1 1 1 1 1 1 1 1 1 1 1 1 1 1 1 1 1 1 1 1 1 1 1 1
"069_Group69" 1 1 1 1 1 1 1 1 1 1 1 1 1 1 1 1 1 1 1 1 1 1 1 1 1 1 1 1 1 1
"070_Group70" 1 1 1 1 1 1 1 1 1 1 1 1 1 1 1 1 1 1 1 1 1 1 1 1 1 1 1 1 1 1
"071_Group71" 1 1 1 1 1 1 1 1 1 1 1 1 1 1 1 1 1 1 1 1 1 1 1 1 1 1 1 1 1 1
"072_Group72" 1 1 1 1 1 1 1 1 1 1 1 1 1 1 1 1 1 1 1 1 1 1 1 1 1 1 1 1 1 1
"073_Group73" 1 1 1 1 1 1 1 1 1 1 1 1 1 1 1 1 1 1 1 1 1 1 1 1 1 1 1 1 1 1
"074_Group74" 1 1 1 1 1 1 1 1 1 1 1 1 1 1 1 1 1 1 1 1 1 1 1 1 1 1 1 1 1 1
"075_Group75" 1 1 1 1 1 1 1 1 1 1 1 1 1 1 1 1 1 1 1 1 1 1 1 1 1 1 1 1 1 1
"076_Group76" 1 1 1 1 1 1 1 1 1 1 1 1 1 1 1 1 1 1 1 1 1 1 1 1 1 1 1 1 1 1
"077_Group77" 1 1 1 1 1 1 1 1 1 1 1 1 1 1 1 1 1 1 1 1 1 1 1 1 1 1 1 1 1 1
"078_Group78" 1 1 1 1 1 1 1 1 1 1 1 1 1 1 1 1 1 1 1 1 1 1 1 1 1 1 1 1 1 1
"079_Group79" 1 1 1 1 1 1 1 1 1 1 1 1 1 1 1 1 1 1 1 1 1 1 1 1 1 1 1 1 1 1
"080_Group80" 1 1 1 1 1 1 1 1 1 1 1 1 1 1 1 1 1 1 1 1 1 1 1 1 1 1 1 1 1 1
"081_Group81" 1 1 1 1 1 1 1 1 1 1 1 1 1 1 1 1 1 1 1 1 1 1 1 1 1 1 1 1 1 1
"082_Group82" 1 1 1 1 1 1 1 1 1 1 1 1 1 1 1 1 1 1 1 1 1 1 1 1 1 1 1 1 1 1
"083_Group83" 1 1 1 1 1 1 1 1 1 1 1 1 1 1 1 1 1 1 1 1 1 1 1 1 1 1 1 1 1 1
"084_Group84" 1 1 1 1 1 1 1 1 1 1 1 1 1 1 1 1 1 1 1 1 1 1 1 1 1 1 1 1 1 1
"085_Group85" 1 1 1 1 1 1 1 1 1 1 1 1 1 1 1 1 1 1 1 1 1 1 1 1 1 1 1 1 1 1
"086_Group86" 1 1 1 1 1 1 1 1 1 1 1 1 1 1 1 1 1 1 1 1 1 1 1 1 1 1 1 1 1 1
"087_Group87" 1 1 1 1 1 1 1 1 1 1 1 1 1 1 1 1 1 1 1 1 1 1 1 1 1 1 1 1 1 1
"088_Group88" 1 1 1 1 1 1 1 1 1 1 1 1 1 1 1 1 1 1 1 1 1 1 1 1 1 1 1 1 1 1
"089_Group89" 1 1 1 1 1 1 1 1 1 1 1 1 1 1 1 1 1 1 1 1 1 1 1 1 1 1 1 1 1 1
"090_Group90" 1 1 1 1 1 1 1 1 1 1 1 1 1 1 1 1 1 1 1 1 1 1 1 1 1 1 1 1 1 1
"091_Group91" 1 1 1 1 1 1 1 1 1 1 1 1 1 1 1 1 1 1 1 1 1 1 1 1 1 1 1 1 1 1
"092_Group92" 1 1 1 1 1 1 1 1 1 1 1 1 1 1 1 1 1 1 1 1 1 1 1 1 1 1 1 1 1 1
"093_Group93" 1 1 1 1 1 1 1 1 1 1 1 1 1 1 1 1 1 1 1 1 1 1 1 1 1 1 1 1 1 1
"094_Group94" 1 1 1 1 1 1 1 1 1 1 1 1 1 1 1 1 1 1 1 1 1 1 1 1 1 1 1 1 1 1
"095_Group95" 1 1 1 1 1 1 1 1 1 1 1 1 1 1 1 1 1 1 1 1 1 1 1 1 1 1 1 1 1 1

"<<<<<< Number of Samples per Acquisition Interval [1unit=500values] >>>>>>"
Time[m] 2 4 6 8 10 12 14 16 18 20 22 24 26 28 30 32 34 36 38 40 42 44 46 48 50 52 54 56 58 60 
#Samples 2 2 2 2 2 2 2 2 2 2 2 2 2 2 2 2 2 2 2 2 2 2 2 2 2 2 2 2 2 2 

"<<<<<< Average Temperature [°C] >>>>>>"
Time[m] 2 4 6 8 10 12 14 16 18 20 22 24 26 28 30 32 34 36 38 40 42 44 46 48 50 52 54 56 58 60 
Temp[°C] 21.1 21.1 21.1 21.1 21.1 21.1 21.2 21.1 21.1 21.1 21.1 21.1 21.1 21.1 21.1 21.0 21.1 21.1 20.9 21.1 20.9 20.9 20.9 20.9 20.9 20.9 20.9 20.9 20.9 20.9 

"<<<<<< Well Activity >>>>>>"
Well Group/Time[m] 2 4 6 8 10 12 14 16 18 20 22 24 26 28 30 32 34 36 38 40 42 44 46 48 50 52 54 56 58 60
A1 "000_Group0" 10 5 4 4 7 10 4 6 0 3 1 3 8 11 10 11 4 9 12 9 10 15 13 7 10 6 8 11 13 13
B1 "001_Group1" 0 1 2 7 1 3 5 2 1 3 8 7 8 12 11 8 13 10 13 12 6 6 17 13 11 16 7 18 14 12
C1 "002_Group2" 0 7 5 5 8 10 6 3 1 2 8 5 6 10 9 11 10 12 8 8 6 11 13 3 9 7 8 8 11 12
D1 "003_Group3" 13 5 2 3 6 0 2 0 0 3 9 9 8 11 14 15 9 20 20 18 11 8 22 21 23 10 15 10 15 6
E1 "004_Group4" 0 9 2 4 12 3 1 6 0 4 3 2 2 10 16 13 5 14 7 9 20 14 10 9 10 14 7 9 5 18
F1 "005_Group5" 0 4 2 3 15 3 14 6 3 0 0 11 6 15 15 13 11 8 8 12 11 9 9 12 6 9 13 14 10 5
G1 "006_Group6" 2 0 4 4 1 3 5 0 2 4 2 5 9 6 13 11 5 5 22 11 17 10 14 19 13 16 13 8 13 18
H1 "007_Group7" 6 6 4 5 9 8 6 2 0 4 6 5 7 5 7 12 6 11 14 16 9 8 11 5 10 5 7 10 11 5
A2 "008_Group8" 11 2 4 1 4 8 10 12 5 19 7 10 7 13 16 10 10 9 11 5 8 9 10 8 4 10 9 10 5 8
B2 "009_Group9" 15 5 4 5 9 2 1 5 18 17 10 16 7 7 8 13 16 14 10 5 15 7 5 6 9 8 10 8 12 7
C2 "010_Group10" 9 6 3 2 7 5 7 18 20 12 13 5 11 12 10 12 8 13 15 12 9 11 14 10 11 16 12 8 9 10
D2 "011_Group11" 5 15 9 6 9 8 16 10 10 7 8 16 14 17 15 14 12 12 13 18 13 10 8 9 15 9 9 8 11 10
E2 "012_Group12" 6 3 1 4 7 7 8 6 6 15 9 13 7 12 15 15 11 11 4 9 9 14 9 6 6 11 5 9 9 9
F2 "013_Group13" 11 8 2 3 7 9 11 17 23 19 7 16 16 10 9 5 13 14 11 5 6 7 11 8 10 10 12 12 11 12
G2 "014_Group14" 3 5 8 4 7 10 7 8 10 15 16 13 11 12 3 8 6 9 13 14 14 13 10 8 12 15 7 9 5 8
H2 "015_Group15" 3 10 3 2 9 5 6 9 11 14 7 5 4 1 4 7 4 2 3 2 1 9 8 1 1 1 0 4 3 1
A3 "016_Group16" 2 1 1 1 5 8 6 2 3 2 0 1 5 4 7 6 6 4 6 10 4 1 2 7 14 10 7 8 8 3
B3 "017_Group17" 1 7 2 7 3 0 0 0 0 0 1 14 14 6 6 6 7 12 16 19 6 6 9 8 9 10 7 10 13 9
C3 "018_Group18" 0 0 3 1 0 2 7 2 0 0 1 1 6 7 14 9 10 11 8 14 17 5 9 11 12 9 11 9 12 9
D3 "019_Group19" 1 3 3 3 7 3 1 4 4 0 0 2 2 5 11 15 4 5 2 7 6 14 7 9 2 13 10 12 16 7
E3 "020_Group20" 8 7 10 14 12 3 7 1 0 0 0 13 6 7 11 9 15 22 14 11 13 12 20 9 9 16 19 9 13 10
F3 "021_Group21" 2 4 8 4 10 10 0 2 2 0 0 0 1 0 3 11 8 6 12 14 11 8 10 10 6 10 14 15 6 9
G3 "022_Group22" 10 10 8 4 5 4 0 0 0 1 4 6 11 11 14 13 12 18 18 20 12 7 12 10 14 13 14 14 15 15
H3 "023_Group23" 3 0 0 1 4 7 3 2 0 1 9 4 7 4 8 5 13 12 9 9 11 10 12 9 6 8 5 5 5 4
A4 "024_Group24" 6 5 2 5 9 2 5 4 2 3 3 1 4 9 7 17 12 8 7 14 16 20 6 5 9 9 9 6 8 14
B4 "025_Group25" 2 1 0 2 4 4 5 5 10 3 0 3 5 1 7 8 7 3 14 7 11 21 15 10 8 8 8 8 8 10
C4 "026_Group26" 1 4 9 5 4 11 6 4 4 2 2 9 2 4 8 7 2 8 8 5 14 22 24 15 13 17 18 13 15 10
D4 "027_Group27" 3 3 3 7 7 7 1 6 8 8 1 6 7 1 3 3 8 4 4 12 24 19 11 10 11 18 16 9 4 9
E4 "028_Group28" 0 2 4 7 4 5 6 8 4 1 0 6 7 4 13 18 5 6 21 17 20 15 13 8 10 13 19 13 5 12
F4 "029_Group29" 2 0 3 4 8 7 8 10 9 7 16 14 1 3 8 5 8 10 13 17 17 26 14 15 22 18 7 9 15 13
G4 "030_Group30" 6 1 10 5 6 6 3 7 8 9 5 4 8 10 23 14 6 6 17 14 15 14 16 12 7 9 16 15 20 12
H4 "031_Group31" 2 7 3 4 4 4 4 0 2 1 1 1 3 7 11 14 5 1 8 2 10 9 9 8 9 15 4 8 6 5
A5 "032_Group32" 3 8 3 5 6 10 4 6 5 6 5 8 17 9 15 11 16 11 8 10 18 12 9 9 10 14 15 15 12 11
B5 "033_Group33" 0 2 3 5 7 7 0 2 0 3 6 1 3 6 11 8 9 9 9 21 18 9 17 12 5 11 13 10 17 7
C5 "034_Group34" 3 9 3 1 1 3 6 13 6 2 2 1 4 7 14 14 22 9 11 14 9 11 10 11 7 8 15 14 17 8
D5 "035_Group35" 1 4 4 10 9 5 1 0 0 1 5 11 5 0 4 16 9 13 6 6 14 10 14 8 11 10 14 18 12 8
E5 "036_Group36" 2 2 8 6 11 8 12 3 7 1 9 4 9 7 21 21 11 18 13 20 15 24 19 16 15 20 19 12 14 7
F5 "037_Group37" 4 2 13 5 6 12 10 14 9 4 5 7 5 2 6 3 9 14 19 11 13 13 10 17 19 11 10 19 14 9
G5 "038_Group38" 2 3 3 12 7 11 5 4 2 0 1 0 2 11 9 6 13 10 10 8 8 7 15 18 11 7 13 9 11 8
H5 "039_Group39" 8 5 6 12 9 6 5 0 0 0 0 3 0 0 4 11 6 9 10 10 13 12 12 9 11 14 9 12 12 9
A6 "040_Group40" 4 7 8 2 7 11 5 6 1 5 11 1 11 17 8 5 8 16 15 11 10 11 15 9 12 8 10 10 10 17
B6 "041_Group41" 4 6 5 7 4 4 7 1 4 0 0 8 3 0 13 18 15 15 6 14 20 21 21 23 12 8 8 14 16 10
C6 "042_Group42" 5 1 4 5 4 12 8 11 8 12 6 5 6 4 0 8 10 9 9 22 28 17 17 17 9 13 21 14 10 11
D6 "043_Group43" 5 5 4 6 10 3 1 0 1 0 0 3 11 16 15 11 6 27 18 13 10 12 11 8 16 18 19 10 14 10
E6 "044_Group44" 5 5 4 10 6 3 2 1 3 0 0 0 4 0 10 1 10 18 11 13 11 17 14 7 11 12 13 16 8 9
F6 "045_Group45" 2 11 7 10 7 5 17 9 10 8 18 9 5 4 6 11 5 14 14 16 19 20 21 21 9 14 14 16 14 15
G6 "046_Group46" 6 8 6 11 8 8 8 6 2 3 12 1 1 2 7 7 6 15 16 12 7 13 14 27 19 15 5 11 12 12
H6 "047_Group47" 2 5 4 8 11 7 3 3 1 1 0 9 16 10 6 6 12 15 18 12 14 11 9 4 7 12 14 6 10 5
A7 "048_Group48" 4 5 2 3 8 8 6 11 1 2 3 6 11 13 8 13 8 0 10 18 7 12 11 11 19 12 19 15 6 6
B7 "049_Group49" 4 2 1 1 1 7 9 17 11 0 10 6 2 5 5 15 9 7 5 10 15 10 19 21 9 12 8 8 9 16
C7 "050_Group50" 7 9 4 2 4 11 3 3 4 11 2 6 8 2 3 1 4 13 14 9 10 12 12 6 14 14 17 14 10 11
D7 "051_Group51" 1 4 6 6 4 6 9 13 19 9 4 0 1 1 4 6 4 9 4 6 1 13 13 8 8 11 12 18 13 13
E7 "052_Group52" 2 8 4 4 3 13 5 12 9 4 6 6 4 7 4 2 9 7 8 9 9 11 16 11 11 11 14 12 14 12
F7 "053_Group53" 7 3 11 9 2 6 0 2 7 7 12 2 3 5 13 7 9 12 10 12 10 12 16 16 17 13 14 11 11 11
G7 "054_Group54" 6 0 0 4 12 14 19 7 10 8 4 5 9 8 7 2 4 17 8 11 7 12 12 10 12 9 12 10 9 12
H7 "055_Group55" 3 2 3 3 15 6 7 7 10 7 4 7 4 4 6 1 8 13 11 8 11 9 14 11 10 15 10 12 10 15
A8 "056_Group56" 1 3 4 2 12 6 6 16 9 3 4 10 16 13 14 14 14 13 18 8 16 9 13 12 14 11 6 12 15 5
B8 "057_Group57" 1 0 0 3 8 19 7 14 10 10 9 12 8 7 9 9 11 9 11 19 11 14 13 11 8 6 7 8 11 3
C8 "058_Group58" 9 3 13 12 10 4 9 6 8 16 17 13 5 12 6 13 8 8 7 10 12 11 16 6 11 9 10 11 5 12
D8 "059_Group59" 4 9 12 14 6 6 14 14 20 15 19 15 13 6 7 11 13 15 20 7 8 9 9 11 4 13 7 12 14 14
E8 "060_Group60" 8 3 3 2 4 7 4 9 16 16 10 11 11 10 13 15 15 8 12 6 16 10 11 12 15 11 7 14 12 14
F8 "061_Group61" 4 8 7 6 2 9 8 9 11 13 15 11 10 11 17 9 9 14 14 4 8 11 12 12 4 12 8 14 5 7
G8 "062_Group62" 3 5 5 2 5 5 17 10 8 16 14 14 16 8 9 17 9 14 16 14 10 16 13 17 13 12 10 12 6 1
H8 "063_Group63" 15 8 9 7 6 7 3 6 14 16 16 8 14 9 12 13 12 21 12 17 6 16 12 8 5 11 15 19 18 3
A9 "064_Group64" 8 8 2 10 13 6 5 7 12 2 2 3 4 6 9 7 10 10 12 6 4 8 13 13 17 10 12 12 17 11
B9 "065_Group65" 0 11 6 7 9 7 11 7 8 12 6 8 2 1 9 3 10 16 7 8 9 7 5 5 11 7 7 10 8 11
C9 "066_Group66" 3 5 1 5 5 5 0 8 3 1 1 1 0 3 0 2 8 11 10 18 13 18 10 8 15 9 12 11 12 13
D9 "067_Group67" 2 7 4 6 5 3 10 1 9 6 11 17 7 3 0 6 2 3 3 3 21 14 15 18 14 13 17 14 11 5
E9 "068_Group68" 11 1 3 5 6 6 6 2 2 4 1 0 2 2 3 1 8 8 15 6 7 11 16 9 12 12 8 8 13 20
F9 "069_Group69" 0 6 5 7 4 1 3 6 4 5 5 1 1 3 6 3 3 3 2 4 12 18 18 15 14 14 12 18 12 22
G9 "070_Group70" 0 3 0 2 10 8 8 7 6 14 13 23 5 2 6 6 9 10 9 17 13 11 14 11 11 16 11 11 13 11
H9 "071_Group71" 3 2 2 4 4 2 0 16 10 12 7 5 6 7 8 10 0 9 6 14 10 7 12 8 7 12 10 7 13 9
A10 "072_Group72" 2 2 1 3 3 4 3 3 9 2 0 3 9 9 13 4 9 8 12 11 14 9 6 9 9 5 18 9 13 13
B10 "073_Group73" 7 3 11 3 1 1 0 0 0 0 0 0 0 10 4 1 9 13 12 20 11 11 10 11 8 11 17 8 14 14
C10 "074_Group74" 4 2 4 6 11 6 0 1 0 0 5 1 3 8 8 9 7 8 13 14 7 9 12 10 11 16 4 13 8 9
D10 "075_Group75" 6 4 7 11 10 12 8 13 10 1 2 2 1 10 8 13 11 7 2 3 9 9 14 11 8 8 7 13 8 8
E10 "076_Group76" 2 2 3 5 2 1 1 0 1 1 0 7 3 0 11 13 2 17 10 12 15 9 13 15 15 20 16 13 12 5
F10 "077_Group77" 4 10 11 7 4 6 4 10 11 3 5 8 8 2 1 2 8 9 9 7 15 7 8 12 8 9 20 15 11 14
G10 "078_Group78" 0 0 4 7 2 4 2 2 3 6 3 3 0 1 10 19 11 18 15 12 12 18 10 12 9 15 12 14 12 4
H10 "079_Group79" 12 3 3 2 7 9 4 3 6 8 4 0 1 11 11 10 16 9 8 13 18 15 21 15 18 10 9 10 8 6
A11 "080_Group80" 0 5 2 1 1 4 5 12 5 0 3 3 8 1 4 10 13 6 15 8 18 9 7 12 13 13 10 9 8 16
B11 "081_Group81" 0 1 4 8 5 15 11 5 8 9 8 9 1 5 17 9 13 3 16 26 14 10 5 16 10 9 14 12 11 11
C11 "082_Group82" 17 12 25 15 20 19 18 15 21 14 15 12 20 15 23 22 28 21 15 22 20 12 20 25 25 26 24 18 15 26
D11 "083_Group83" 0 0 4 0 9 4 3 7 3 5 7 2 4 4 6 8 8 6 12 13 8 12 13 12 9 14 20 10 14 15
E11 "084_Group84" 0 4 3 2 7 3 15 6 2 1 4 0 0 0 0 2 22 14 14 15 4 6 1 12 15 8 6 8 9 5
F11 "085_Group85" 7 5 8 1 4 7 4 6 8 9 6 9 2 3 0 2 14 16 6 7 16 14 13 14 12 15 11 9 13 10
G11 "086_Group86" 1 0 3 0 4 1 1 3 7 7 8 1 0 4 0 0 3 8 12 5 13 11 15 12 15 14 11 17 10 14
H11 "087_Group87" 11 15 8 7 5 4 3 3 2 0 6 5 1 3 3 20 12 8 8 9 8 9 6 10 7 5 11 12 10 8
A12 "088_Group88" 3 7 6 2 9 2 6 13 11 6 10 17 15 6 10 16 13 4 3 1 1 6 10 9 7 12 8 8 14 1
B12 "089_Group89" 9 5 10 4 3 3 3 4 10 6 4 11 12 18 18 7 1 6 10 13 4 7 13 11 10 10 5 14 6 5
C12 "090_Group90" 9 3 7 2 11 3 5 9 13 10 14 20 11 17 11 9 11 9 12 8 3 15 10 14 9 8 8 7 3 14
D12 "091_Group91" 2 1 4 3 3 8 8 10 10 14 12 20 12 7 5 6 7 2 0 3 7 10 4 9 3 0 5 7 15 11
E12 "092_Group92" 2 2 5 5 0 6 9 7 4 6 4 11 12 9 8 9 8 4 12 3 2 4 5 7 7 2 11 10 4 8
F12 "093_Group93" 6 8 6 5 9 6 5 9 5 17 19 21 16 18 8 5 12 10 13 15 12 2 13 14 14 6 11 12 17 11
G12 "094_Group94" 4 5 5 7 6 11 8 9 13 8 11 16 8 7 11 11 6 7 11 9 8 7 7 12 9 7 5 2 9 7
H12 "095_Group95" 5 9 7 4 7 11 18 9 13 9 5 11 11 9 6 6 2 7 3 1 7 8 10 7 5 10 5 13 3 2

"<<<<<< Channel Activity >>>>>>"
Channel Well Group/Time[m] 2 4 6 8 10 12 14 16 18 20 22 24 26 28 30 32 34 36 38 40 42 44 46 48 50 52 54 56 58 60
CH0 A1.0 "000_Group0" 10 5 4 4 7 10 4 6 0 3 1 3 8 11 10 11 4 9 12 9 10 15 13 7 10 6 8 11 13 13
CH2 B1.0 "001_Group1" 0 1 2 7 1 3 5 2 1 3 8 7 8 12 11 8 13 10 13 12 6 6 17 13 11 16 7 18 14 12
CH4 C1.0 "002_Group2" 0 7 5 5 8 10 6 3 1 2 8 5 6 10 9 11 10 12 8 8 6 11 13 3 9 7 8 8 11 12
CH6 D1.0 "003_Group3" 13 5 2 3 6 0 2 0 0 3 9 9 8 11 14 15 9 20 20 18 11 8 22 21 23 10 15 10 15 6
CH8 E1.0 "004_Group4" 0 9 2 4 12 3 1 6 0 4 3 2 2 10 16 13 5 14 7 9 20 14 10 9 10 14 7 9 5 18
CH10 F1.0 "005_Group5" 0 4 2 3 15 3 14 6 3 0 0 11 6 15 15 13 11 8 8 12 11 9 9 12 6 9 13 14 10 5
CH12 G1.0 "006_Group6" 2 0 4 4 1 3 5 0 2 4 2 5 9 6 13 11 5 5 22 11 17 10 14 19 13 16 13 8 13 18
CH14 H1.0 "007_Group7" 6 6 4 5 9 8 6 2 0 4 6 5 7 5 7 12 6 11 14 16 9 8 11 5 10 5 7 10 11 5
CH32 A2.0 "008_Group8" 11 2 4 1 4 8 10 12 5 19 7 10 7 13 16 10 10 9 11 5 8 9 10 8 4 10 9 10 5 8
CH34 B2.0 "009_Group9" 15 5 4 5 9 2 1 5 18 17 10 16 7 7 8 13 16 14 10 5 15 7 5 6 9 8 10 8 12 7
CH36 C2.0 "010_Group10" 9 6 3 2 7 5 7 18 20 12 13 5 11 12 10 12 8 13 15 12 9 11 14 10 11 16 12 8 9 10
CH38 D2.0 "011_Group11" 5 15 9 6 9 8 16 10 10 7 8 16 14 17 15 14 12 12 13 18 13 10 8 9 15 9 9 8 11 10
CH40 E2.0 "012_Group12" 6 3 1 4 7 7 8 6 6 15 9 13 7 12 15 15 11 11 4 9 9 14 9 6 6 11 5 9 9 9
CH42 F2.0 "013_Group13" 11 8 2 3 7 9 11 17 23 19 7 16 16 10 9 5 13 14 11 5 6 7 11 8 10 10 12 12 11 12
CH44 G2.0 "014_Group14" 3 5 8 4 7 10 7 8 10 15 16 13 11 12 3 8 6 9 13 14 14 13 10 8 12 15 7 9 5 8
CH46 H2.0 "015_Group15" 3 10 3 2 9 5 6 9 11 14 7 5 4 1 4 7 4 2 3 2 1 9 8 1 1 1 0 4 3 1
CH64 A3.0 "016_Group16" 2 1 1 1 5 8 6 2 3 2 0 1 5 4 7 6 6 4 6 10 4 1 2 7 14 10 7 8 8 3
CH66 B3.0 "017_Group17" 1 7 2 7 3 0 0 0 0 0 1 14 14 6 6 6 7 12 16 19 6 6 9 8 9 10 7 10 13 9
CH68 C3.0 "018_Group18" 0 0 3 1 0 2 7 2 0 0 1 1 6 7 14 9 10 11 8 14 17 5 9 11 12 9 11 9 12 9
CH70 D3.0 "019_Group19" 1 3 3 3 7 3 1 4 4 0 0 2 2 5 11 15 4 5 2 7 6 14 7 9 2 13 10 12 16 7
CH72 E3.0 "020_Group20" 8 7 10 14 12 3 7 1 0 0 0 13 6 7 11 9 15 22 14 11 13 12 20 9 9 16 19 9 13 10
CH74 F3.0 "021_Group21" 2 4 8 4 10 10 0 2 2 0 0 0 1 0 3 11 8 6 12 14 11 8 10 10 6 10 14 15 6 9
CH76 G3.0 "022_Group22" 10 10 8 4 5 4 0 0 0 1 4 6 11 11 14 13 12 18 18 20 12 7 12 10 14 13 14 14 15 15
CH78 H3.0 "023_Group23" 3 0 0 1 4 7 3 2 0 1 9 4 7 4 8 5 13 12 9 9 11 10 12 9 6 8 5 5 5 4
CH96 A4.0 "024_Group24" 6 5 2 5 9 2 5 4 2 3 3 1 4 9 7 17 12 8 7 14 16 20 6 5 9 9 9 6 8 14
CH98 B4.0 "025_Group25" 2 1 0 2 4 4 5 5 10 3 0 3 5 1 7 8 7 3 14 7 11 21 15 10 8 8 8 8 8 10
CH100 C4.0 "026_Group26" 1 4 9 5 4 11 6 4 4 2 2 9 2 4 8 7 2 8 8 5 14 22 24 15 13 17 18 13 15 10
CH102 D4.0 "027_Group27" 3 3 3 7 7 7 1 6 8 8 1 6 7 1 3 3 8 4 4 12 24 19 11 10 11 18 16 9 4 9
CH104 E4.0 "028_Group28" 0 2 4 7 4 5 6 8 4 1 0 6 7 4 13 18 5 6 21 17 20 15 13 8 10 13 19 13 5 12
CH106 F4.0 "029_Group29" 2 0 3 4 8 7 8 10 9 7 16 14 1 3 8 5 8 10 13 17 17 26 14 15 22 18 7 9 15 13
CH108 G4.0 "030_Group30" 6 1 10 5 6 6 3 7 8 9 5 4 8 10 23 14 6 6 17 14 15 14 16 12 7 9 16 15 20 12
CH110 H4.0 "031_Group31" 2 7 3 4 4 4 4 0 2 1 1 1 3 7 11 14 5 1 8 2 10 9 9 8 9 15 4 8 6 5
CH128 A5.0 "032_Group32" 3 8 3 5 6 10 4 6 5 6 5 8 17 9 15 11 16 11 8 10 18 12 9 9 10 14 15 15 12 11
CH130 B5.0 "033_Group33" 0 2 3 5 7 7 0 2 0 3 6 1 3 6 11 8 9 9 9 21 18 9 17 12 5 11 13 10 17 7
CH132 C5.0 "034_Group34" 3 9 3 1 1 3 6 13 6 2 2 1 4 7 14 14 22 9 11 14 9 11 10 11 7 8 15 14 17 8
CH134 D5.0 "035_Group35" 1 4 4 10 9 5 1 0 0 1 5 11 5 0 4 16 9 13 6 6 14 10 14 8 11 10 14 18 12 8
CH136 E5.0 "036_Group36" 2 2 8 6 11 8 12 3 7 1 9 4 9 7 21 21 11 18 13 20 15 24 19 16 15 20 19 12 14 7
CH138 F5.0 "037_Group37" 4 2 13 5 6 12 10 14 9 4 5 7 5 2 6 3 9 14 19 11 13 13 10 17 19 11 10 19 14 9
CH140 G5.0 "038_Group38" 2 3 3 12 7 11 5 4 2 0 1 0 2 11 9 6 13 10 10 8 8 7 15 18 11 7 13 9 11 8
CH142 H5.0 "039_Group39" 8 5 6 12 9 6 5 0 0 0 0 3 0 0 4 11 6 9 10 10 13 12 12 9 11 14 9 12 12 9
CH160 A6.0 "040_Group40" 4 7 8 2 7 11 5 6 1 5 11 1 11 17 8 5 8 16 15 11 10 11 15 9 12 8 10 10 10 17
CH162 B6.0 "041_Group41" 4 6 5 7 4 4 7 1 4 0 0 8 3 0 13 18 15 15 6 14 20 21 21 23 12 8 8 14 16 10
CH164 C6.0 "042_Group42" 5 1 4 5 4 12 8 11 8 12 6 5 6 4 0 8 10 9 9 22 28 17 17 17 9 13 21 14 10 11
CH166 D6.0 "043_Group43" 5 5 4 6 10 3 1 0 1 0 0 3 11 16 15 11 6 27 18 13 10 12 11 8 16 18 19 10 14 10
CH168 E6.0 "044_Group44" 5 5 4 10 6 3 2 1 3 0 0 0 4 0 10 1 10 18 11 13 11 17 14 7 11 12 13 16 8 9
CH170 F6.0 "045_Group45" 2 11 7 10 7 5 17 9 10 8 18 9 5 4 6 11 5 14 14 16 19 20 21 21 9 14 14 16 14 15
CH172 G6.0 "046_Group46" 6 8 6 11 8 8 8 6 2 3 12 1 1 2 7 7 6 15 16 12 7 13 14 27 19 15 5 11 12 12
CH174 H6.0 "047_Group47" 2 5 4 8 11 7 3 3 1 1 0 9 16 10 6 6 12 15 18 12 14 11 9 4 7 12 14 6 10 5
CH192 A7.0 "048_Group48" 4 5 2 3 8 8 6 11 1 2 3 6 11 13 8 13 8 0 10 18 7 12 11 11 19 12 19 15 6 6
CH194 B7.0 "049_Group49" 4 2 1 1 1 7 9 17 11 0 10 6 2 5 5 15 9 7 5 10 15 10 19 21 9 12 8 8 9 16
CH196 C7.0 "050_Group50" 7 9 4 2 4 11 3 3 4 11 2 6 8 2 3 1 4 13 14 9 10 12 12 6 14 14 17 14 10 11
CH198 D7.0 "051_Group51" 1 4 6 6 4 6 9 13 19 9 4 0 1 1 4 6 4 9 4 6 1 13 13 8 8 11 12 18 13 13
CH200 E7.0 "052_Group52" 2 8 4 4 3 13 5 12 9 4 6 6 4 7 4 2 9 7 8 9 9 11 16 11 11 11 14 12 14 12
CH202 F7.0 "053_Group53" 7 3 11 9 2 6 0 2 7 7 12 2 3 5 13 7 9 12 10 12 10 12 16 16 17 13 14 11 11 11
CH204 G7.0 "054_Group54" 6 0 0 4 12 14 19 7 10 8 4 5 9 8 7 2 4 17 8 11 7 12 12 10 12 9 12 10 9 12
CH206 H7.0 "055_Group55" 3 2 3 3 15 6 7 7 10 7 4 7 4 4 6 1 8 13 11 8 11 9 14 11 10 15 10 12 10 15
CH224 A8.0 "056_Group56" 1 3 4 2 12 6 6 16 9 3 4 10 16 13 14 14 14 13 18 8 16 9 13 12 14 11 6 12 15 5
CH226 B8.0 "057_Group57" 1 0 0 3 8 19 7 14 10 10 9 12 8 7 9 9 11 9 11 19 11 14 13 11 8 6 7 8 11 3
CH228 C8.0 "058_Group58" 9 3 13 12 10 4 9 6 8 16 17 13 5 12 6 13 8 8 7 10 12 11 16 6 11 9 10 11 5 12
CH230 D8.0 "059_Group59" 4 9 12 14 6 6 14 14 20 15 19 15 13 6 7 11 13 15 20 7 8 9 9 11 4 13 7 12 14 14
CH232 E8.0 "060_Group60" 8 3 3 2 4 7 4 9 16 16 10 11 11 10 13 15 15 8 12 6 16 10 11 12 15 11 7 14 12 14
CH234 F8.0 "061_Group61" 4 8 7 6 2 9 8 9 11 13 15 11 10 11 17 9 9 14 14 4 8 11 12 12 4 12 8 14 5 7
CH236 G8.0 "062_Group62" 3 5 5 2 5 5 17 10 8 16 14 14 16 8 9 17 9 14 16 14 10 16 13 17 13 12 10 12 6 1
CH238 H8.0 "063_Group63" 15 8 9 7 6 7 3 6 14 16 16 8 14 9 12 13 12 21 12 17 6 16 12 8 5 11 15 19 18 3
CH256 A9.0 "064_Group64" 8 8 2 10 13 6 5 7 12 2 2 3 4 6 9 7 10 10 12 6 4 8 13 13 17 10 12 12 17 11
CH258 B9.0 "065_Group65" 0 11 6 7 9 7 11 7 8 12 6 8 2 1 9 3 10 16 7 8 9 7 5 5 11 7 7 10 8 11
CH260 C9.0 "066_Group66" 3 5 1 5 5 5 0 8 3 1 1 1 0 3 0 2 8 11 10 18 13 18 10 8 15 9 12 11 12 13
CH262 D9.0 "067_Group67" 2 7 4 6 5 3 10 1 9 6 11 17 7 3 0 6 2 3 3 3 21 14 15 18 14 13 17 14 11 5
CH264 E9.0 "068_Group68" 11 1 3 5 6 6 6 2 2 4 1 0 2 2 3 1 8 8 15 6 7 11 16 9 12 12 8 8 13 20
CH266 F9.0 "069_Group69" 0 6 5 7 4 1 3 6 4 5 5 1 1 3 6 3 3 3 2 4 12 18 18 15 14 14 12 18 12 22
CH268 G9.0 "070_Group70" 0 3 0 2 10 8 8 7 6 14 13 23 5 2 6 6 9 10 9 17 13 11 14 11 11 16 11 11 13 11
CH270 H9.0 "071_Group71" 3 2 2 4 4 2 0 16 10 12 7 5 6 7 8 10 0 9 6 14 10 7 12 8 7 12 10 7 13 9
CH288 A10.0 "072_Group72" 2 2 1 3 3 4 3 3 9 2 0 3 9 9 13 4 9 8 12 11 14 9 6 9 9 5 18 9 13 13
CH290 B10.0 "073_Group73" 7 3 11 3 1 1 0 0 0 0 0 0 0 10 4 1 9 13 12 20 11 11 10 11 8 11 17 8 14 14
CH292 C10.0 "074_Group74" 4 2 4 6 11 6 0 1 0 0 5 1 3 8 8 9 7 8 13 14 7 9 12 10 11 16 4 13 8 9
CH294 D10.0 "075_Group75" 6 4 7 11 10 12 8 13 10 1 2 2 1 10 8 13 11 7 2 3 9 9 14 11 8 8 7 13 8 8
CH296 E10.0 "076_Group76" 2 2 3 5 2 1 1 0 1 1 0 7 3 0 11 13 2 17 10 12 15 9 13 15 15 20 16 13 12 5
CH298 F10.0 "077_Group77" 4 10 11 7 4 6 4 10 11 3 5 8 8 2 1 2 8 9 9 7 15 7 8 12 8 9 20 15 11 14
CH300 G10.0 "078_Group78" 0 0 4 7 2 4 2 2 3 6 3 3 0 1 10 19 11 18 15 12 12 18 10 12 9 15 12 14 12 4
CH302 H10.0 "079_Group79" 12 3 3 2 7 9 4 3 6 8 4 0 1 11 11 10 16 9 8 13 18 15 21 15 18 10 9 10 8 6
CH320 A11.0 "080_Group80" 0 5 2 1 1 4 5 12 5 0 3 3 8 1 4 10 13 6 15 8 18 9 7 12 13 13 10 9 8 16
CH322 B11.0 "081_Group81" 0 1 4 8 5 15 11 5 8 9 8 9 1 5 17 9 13 3 16 26 14 10 5 16 10 9 14 12 11 11
CH324 C11.0 "082_Group82" 17 12 25 15 20 19 18 15 21 14 15 12 20 15 23 22 28 21 15 22 20 12 20 25 25 26 24 18 15 26
CH326 D11.0 "083_Group83" 0 0 4 0 9 4 3 7 3 5 7 2 4 4 6 8 8 6 12 13 8 12 13 12 9 14 20 10 14 15
CH328 E11.0 "084_Group84" 0 4 3 2 7 3 15 6 2 1 4 0 0 0 0 2 22 14 14 15 4 6 1 12 15 8 6 8 9 5
CH330 F11.0 "085_Group85" 7 5 8 1 4 7 4 6 8 9 6 9 2 3 0 2 14 16 6 7 16 14 13 14 12 15 11 9 13 10
CH332 G11.0 "086_Group86" 1 0 3 0 4 1 1 3 7 7 8 1 0 4 0 0 3 8 12 5 13 11 15 12 15 14 11 17 10 14
CH334 H11.0 "087_Group87" 11 15 8 7 5 4 3 3 2 0 6 5 1 3 3 20 12 8 8 9 8 9 6 10 7 5 11 12 10 8
CH352 A12.0 "088_Group88" 3 7 6 2 9 2 6 13 11 6 10 17 15 6 10 16 13 4 3 1 1 6 10 9 7 12 8 8 14 1
CH354 B12.0 "089_Group89" 9 5 10 4 3 3 3 4 10 6 4 11 12 18 18 7 1 6 10 13 4 7 13 11 10 10 5 14 6 5
CH356 C12.0 "090_Group90" 9 3 7 2 11 3 5 9 13 10 14 20 11 17 11 9 11 9 12 8 3 15 10 14 9 8 8 7 3 14
CH358 D12.0 "091_Group91" 2 1 4 3 3 8 8 10 10 14 12 20 12 7 5 6 7 2 0 3 7 10 4 9 3 0 5 7 15 11
CH360 E12.0 "092_Group92" 2 2 5 5 0 6 9 7 4 6 4 11 12 9 8 9 8 4 12 3 2 4 5 7 7 2 11 10 4 8
CH362 F12.0 "093_Group93" 6 8 6 5 9 6 5 9 5 17 19 21 16 18 8 5 12 10 13 15 12 2 13 14 14 6 11 12 17 11
CH364 G12.0 "094_Group94" 4 5 5 7 6 11 8 9 13 8 11 16 8 7 11 11 6 7 11 9 8 7 7 12 9 7 5 2 9 7
CH366 H12.0 "095_Group95" 5 9 7 4 7 11 18 9 13 9 5 11 11 9 6 6 2 7 3 1 7 8 10 7 5 10 5 13 3 2
