"DATE:" "5/19/2014 12:43:54 PM"
"FILE:" "C:\Users\AndersenLab\Desktop\wmicrotracker\p00010\20140519_1208"
"SUBPROJECT:" "20140519_SwimmingAssayAbamectin100"

"<<<<<< Group Activity: Average Activity Counts per Data Interval>>>>>>"
Group/Time[m] 5 10 15 20 25 30
"000_Group0" 74 37 64 76 45 30
"001_Group1" 83 65 73 39 41 36
"002_Group2" 95 93 72 54 26 23
"003_Group3" 110 91 66 85 53 52
"004_Group4" 56 90 68 53 28 35
"005_Group5" 98 84 111 43 62 47
"006_Group6" 131 99 83 78 54 66
"007_Group7" 83 96 83 56 72 67
"008_Group8" 72 85 78 53 52 33
"009_Group9" 109 71 68 40 23 50
"010_Group10" 103 89 66 54 35 28
"011_Group11" 101 101 65 66 55 32
"012_Group12" 81 78 57 83 55 23
"013_Group13" 99 78 69 45 47 26
"014_Group14" 84 115 125 94 58 42
"015_Group15" 0 0 0 0 1 4
"016_Group16" 96 63 45 24 30 33
"017_Group17" 86 76 44 57 31 46
"018_Group18" 121 113 40 34 12 21
"019_Group19" 95 72 54 35 20 30
"020_Group20" 109 80 58 59 30 16
"021_Group21" 107 84 81 62 38 41
"022_Group22" 109 99 83 61 49 28
"023_Group23" 89 114 73 71 58 18
"024_Group24" 99 57 57 42 40 35
"025_Group25" 113 60 40 33 36 32
"026_Group26" 113 81 51 54 31 22
"027_Group27" 95 94 83 76 39 57
"028_Group28" 92 77 62 54 41 27
"029_Group29" 117 88 85 50 36 39
"030_Group30" 80 91 64 67 68 42
"031_Group31" 0 0 0 0 0 0
"032_Group32" 84 107 123 99 71 79
"033_Group33" 99 95 91 62 34 70
"034_Group34" 77 93 85 110 59 43
"035_Group35" 113 99 102 115 63 43
"036_Group36" 105 103 108 104 70 82
"037_Group37" 86 78 99 85 66 56
"038_Group38" 86 120 110 107 95 68
"039_Group39" 114 101 80 108 62 82
"040_Group40" 95 126 113 126 53 103
"041_Group41" 76 78 89 51 65 34
"042_Group42" 103 118 85 89 71 46
"043_Group43" 126 93 95 73 52 64
"044_Group44" 102 82 107 92 58 60
"045_Group45" 122 91 113 109 77 91
"046_Group46" 115 97 98 94 60 79
"047_Group47" 0 0 0 0 0 0
"048_Group48" 51 50 30 28 14 24
"049_Group49" 88 59 102 38 84 12
"050_Group50" 74 46 32 26 21 14
"051_Group51" 80 85 60 38 9 12
"052_Group52" 39 65 27 23 16 19
"053_Group53" 107 73 41 31 14 19
"054_Group54" 118 87 66 40 22 18
"055_Group55" 92 90 51 46 56 24
"056_Group56" 74 89 32 26 26 24
"057_Group57" 114 104 49 52 28 11
"058_Group58" 116 91 52 24 24 18
"059_Group59" 74 55 33 37 37 19
"060_Group60" 90 71 37 37 34 25
"061_Group61" 108 80 71 37 37 34
"062_Group62" 123 76 52 54 37 27
"063_Group63" 0 0 0 0 0 0
"064_Group64" 80 46 61 71 53 46
"065_Group65" 111 85 56 84 60 41
"066_Group66" 91 91 112 98 88 88
"067_Group67" 90 59 69 70 35 18
"068_Group68" 71 67 62 67 47 31
"069_Group69" 112 80 77 86 89 44
"070_Group70" 76 107 101 60 29 43
"071_Group71" 69 101 61 51 64 73
"072_Group72" 138 75 57 91 80 93
"073_Group73" 90 49 38 63 39 11
"074_Group74" 68 37 53 78 47 56
"075_Group75" 93 75 101 121 72 46
"076_Group76" 118 93 59 102 89 40
"077_Group77" 105 92 97 71 77 40
"078_Group78" 91 109 113 67 53 64
"079_Group79" 0 0 0 0 0 0
"080_Group80" 68 28 10 27 23 13
"081_Group81" 98 66 19 37 48 24
"082_Group82" 92 69 43 41 12 25
"083_Group83" 92 84 40 20 30 29
"084_Group84" 117 107 59 57 45 41
"085_Group85" 99 101 65 23 30 13
"086_Group86" 90 102 63 73 30 50
"087_Group87" 66 83 74 42 23 29
"088_Group88" 46 50 66 61 56 24
"089_Group89" 113 108 55 54 35 16
"090_Group90" 106 104 42 32 21 28
"091_Group91" 99 80 61 34 29 6
"092_Group92" 121 122 49 53 43 42
"093_Group93" 95 105 59 43 39 23
"094_Group94" 72 75 85 33 45 22
"095_Group95" 0 0 0 0 0 0

"<<<<<< Group Activity: Number of wells/group >>>>>>"
Group/Time[m] 5 10 15 20 25 30
"000_Group0" 1 1 1 1 1 1
"001_Group1" 1 1 1 1 1 1
"002_Group2" 1 1 1 1 1 1
"003_Group3" 1 1 1 1 1 1
"004_Group4" 1 1 1 1 1 1
"005_Group5" 1 1 1 1 1 1
"006_Group6" 1 1 1 1 1 1
"007_Group7" 1 1 1 1 1 1
"008_Group8" 1 1 1 1 1 1
"009_Group9" 1 1 1 1 1 1
"010_Group10" 1 1 1 1 1 1
"011_Group11" 1 1 1 1 1 1
"012_Group12" 1 1 1 1 1 1
"013_Group13" 1 1 1 1 1 1
"014_Group14" 1 1 1 1 1 1
"015_Group15" 1 1 1 1 1 1
"016_Group16" 1 1 1 1 1 1
"017_Group17" 1 1 1 1 1 1
"018_Group18" 1 1 1 1 1 1
"019_Group19" 1 1 1 1 1 1
"020_Group20" 1 1 1 1 1 1
"021_Group21" 1 1 1 1 1 1
"022_Group22" 1 1 1 1 1 1
"023_Group23" 1 1 1 1 1 1
"024_Group24" 1 1 1 1 1 1
"025_Group25" 1 1 1 1 1 1
"026_Group26" 1 1 1 1 1 1
"027_Group27" 1 1 1 1 1 1
"028_Group28" 1 1 1 1 1 1
"029_Group29" 1 1 1 1 1 1
"030_Group30" 1 1 1 1 1 1
"031_Group31" 1 1 1 1 1 1
"032_Group32" 1 1 1 1 1 1
"033_Group33" 1 1 1 1 1 1
"034_Group34" 1 1 1 1 1 1
"035_Group35" 1 1 1 1 1 1
"036_Group36" 1 1 1 1 1 1
"037_Group37" 1 1 1 1 1 1
"038_Group38" 1 1 1 1 1 1
"039_Group39" 1 1 1 1 1 1
"040_Group40" 1 1 1 1 1 1
"041_Group41" 1 1 1 1 1 1
"042_Group42" 1 1 1 1 1 1
"043_Group43" 1 1 1 1 1 1
"044_Group44" 1 1 1 1 1 1
"045_Group45" 1 1 1 1 1 1
"046_Group46" 1 1 1 1 1 1
"047_Group47" 1 1 1 1 1 1
"048_Group48" 1 1 1 1 1 1
"049_Group49" 1 1 1 1 1 1
"050_Group50" 1 1 1 1 1 1
"051_Group51" 1 1 1 1 1 1
"052_Group52" 1 1 1 1 1 1
"053_Group53" 1 1 1 1 1 1
"054_Group54" 1 1 1 1 1 1
"055_Group55" 1 1 1 1 1 1
"056_Group56" 1 1 1 1 1 1
"057_Group57" 1 1 1 1 1 1
"058_Group58" 1 1 1 1 1 1
"059_Group59" 1 1 1 1 1 1
"060_Group60" 1 1 1 1 1 1
"061_Group61" 1 1 1 1 1 1
"062_Group62" 1 1 1 1 1 1
"063_Group63" 1 1 1 1 1 1
"064_Group64" 1 1 1 1 1 1
"065_Group65" 1 1 1 1 1 1
"066_Group66" 1 1 1 1 1 1
"067_Group67" 1 1 1 1 1 1
"068_Group68" 1 1 1 1 1 1
"069_Group69" 1 1 1 1 1 1
"070_Group70" 1 1 1 1 1 1
"071_Group71" 1 1 1 1 1 1
"072_Group72" 1 1 1 1 1 1
"073_Group73" 1 1 1 1 1 1
"074_Group74" 1 1 1 1 1 1
"075_Group75" 1 1 1 1 1 1
"076_Group76" 1 1 1 1 1 1
"077_Group77" 1 1 1 1 1 1
"078_Group78" 1 1 1 1 1 1
"079_Group79" 1 1 1 1 1 1
"080_Group80" 1 1 1 1 1 1
"081_Group81" 1 1 1 1 1 1
"082_Group82" 1 1 1 1 1 1
"083_Group83" 1 1 1 1 1 1
"084_Group84" 1 1 1 1 1 1
"085_Group85" 1 1 1 1 1 1
"086_Group86" 1 1 1 1 1 1
"087_Group87" 1 1 1 1 1 1
"088_Group88" 1 1 1 1 1 1
"089_Group89" 1 1 1 1 1 1
"090_Group90" 1 1 1 1 1 1
"091_Group91" 1 1 1 1 1 1
"092_Group92" 1 1 1 1 1 1
"093_Group93" 1 1 1 1 1 1
"094_Group94" 1 1 1 1 1 1
"095_Group95" 1 1 1 1 1 1

"<<<<<< Number of Samples per Acquisition Interval [1unit=500values] >>>>>>"
Time[m] 5 10 15 20 25 30 
#Samples 5 5 5 5 4 4 

"<<<<<< Average Temperature [°C] >>>>>>"
Time[m] 5 10 15 20 25 30 
Temp[°C] 25.1 25.1 25.1 25.1 25.2 25.2 

"<<<<<< Well Activity >>>>>>"
Well Group/Time[m] 5 10 15 20 25 30
A1 "000_Group0" 74 37 64 76 45 30
B1 "001_Group1" 83 65 73 39 41 36
C1 "002_Group2" 95 93 72 54 26 23
D1 "003_Group3" 110 91 66 85 53 52
E1 "004_Group4" 56 90 68 53 28 35
F1 "005_Group5" 98 84 111 43 62 47
G1 "006_Group6" 131 99 83 78 54 66
H1 "007_Group7" 83 96 83 56 72 67
A2 "008_Group8" 72 85 78 53 52 33
B2 "009_Group9" 109 71 68 40 23 50
C2 "010_Group10" 103 89 66 54 35 28
D2 "011_Group11" 101 101 65 66 55 32
E2 "012_Group12" 81 78 57 83 55 23
F2 "013_Group13" 99 78 69 45 47 26
G2 "014_Group14" 84 115 125 94 58 42
H2 "015_Group15" 0 0 0 0 1 4
A3 "016_Group16" 96 63 45 24 30 33
B3 "017_Group17" 86 76 44 57 31 46
C3 "018_Group18" 121 113 40 34 12 21
D3 "019_Group19" 95 72 54 35 20 30
E3 "020_Group20" 109 80 58 59 30 16
F3 "021_Group21" 107 84 81 62 38 41
G3 "022_Group22" 109 99 83 61 49 28
H3 "023_Group23" 89 114 73 71 58 18
A4 "024_Group24" 99 57 57 42 40 35
B4 "025_Group25" 113 60 40 33 36 32
C4 "026_Group26" 113 81 51 54 31 22
D4 "027_Group27" 95 94 83 76 39 57
E4 "028_Group28" 92 77 62 54 41 27
F4 "029_Group29" 117 88 85 50 36 39
G4 "030_Group30" 80 91 64 67 68 42
H4 "031_Group31" 0 0 0 0 0 0
A5 "032_Group32" 84 107 123 99 71 79
B5 "033_Group33" 99 95 91 62 34 70
C5 "034_Group34" 77 93 85 110 59 43
D5 "035_Group35" 113 99 102 115 63 43
E5 "036_Group36" 105 103 108 104 70 82
F5 "037_Group37" 86 78 99 85 66 56
G5 "038_Group38" 86 120 110 107 95 68
H5 "039_Group39" 114 101 80 108 62 82
A6 "040_Group40" 95 126 113 126 53 103
B6 "041_Group41" 76 78 89 51 65 34
C6 "042_Group42" 103 118 85 89 71 46
D6 "043_Group43" 126 93 95 73 52 64
E6 "044_Group44" 102 82 107 92 58 60
F6 "045_Group45" 122 91 113 109 77 91
G6 "046_Group46" 115 97 98 94 60 79
H6 "047_Group47" 0 0 0 0 0 0
A7 "048_Group48" 51 50 30 28 14 24
B7 "049_Group49" 88 59 102 38 84 12
C7 "050_Group50" 74 46 32 26 21 14
D7 "051_Group51" 80 85 60 38 9 12
E7 "052_Group52" 39 65 27 23 16 19
F7 "053_Group53" 107 73 41 31 14 19
G7 "054_Group54" 118 87 66 40 22 18
H7 "055_Group55" 92 90 51 46 56 24
A8 "056_Group56" 74 89 32 26 26 24
B8 "057_Group57" 114 104 49 52 28 11
C8 "058_Group58" 116 91 52 24 24 18
D8 "059_Group59" 74 55 33 37 37 19
E8 "060_Group60" 90 71 37 37 34 25
F8 "061_Group61" 108 80 71 37 37 34
G8 "062_Group62" 123 76 52 54 37 27
H8 "063_Group63" 0 0 0 0 0 0
A9 "064_Group64" 80 46 61 71 53 46
B9 "065_Group65" 111 85 56 84 60 41
C9 "066_Group66" 91 91 112 98 88 88
D9 "067_Group67" 90 59 69 70 35 18
E9 "068_Group68" 71 67 62 67 47 31
F9 "069_Group69" 112 80 77 86 89 44
G9 "070_Group70" 76 107 101 60 29 43
H9 "071_Group71" 69 101 61 51 64 73
A10 "072_Group72" 138 75 57 91 80 93
B10 "073_Group73" 90 49 38 63 39 11
C10 "074_Group74" 68 37 53 78 47 56
D10 "075_Group75" 93 75 101 121 72 46
E10 "076_Group76" 118 93 59 102 89 40
F10 "077_Group77" 105 92 97 71 77 40
G10 "078_Group78" 91 109 113 67 53 64
H10 "079_Group79" 0 0 0 0 0 0
A11 "080_Group80" 68 28 10 27 23 13
B11 "081_Group81" 98 66 19 37 48 24
C11 "082_Group82" 92 69 43 41 12 25
D11 "083_Group83" 92 84 40 20 30 29
E11 "084_Group84" 117 107 59 57 45 41
F11 "085_Group85" 99 101 65 23 30 13
G11 "086_Group86" 90 102 63 73 30 50
H11 "087_Group87" 66 83 74 42 23 29
A12 "088_Group88" 46 50 66 61 56 24
B12 "089_Group89" 113 108 55 54 35 16
C12 "090_Group90" 106 104 42 32 21 28
D12 "091_Group91" 99 80 61 34 29 6
E12 "092_Group92" 121 122 49 53 43 42
F12 "093_Group93" 95 105 59 43 39 23
G12 "094_Group94" 72 75 85 33 45 22
H12 "095_Group95" 0 0 0 0 0 0

"<<<<<< Channel Activity >>>>>>"
Channel Well Group/Time[m] 5 10 15 20 25 30
CH0 A1.0 "000_Group0" 74 37 64 76 45 30
CH2 B1.0 "001_Group1" 83 65 73 39 41 36
CH4 C1.0 "002_Group2" 95 93 72 54 26 23
CH6 D1.0 "003_Group3" 110 91 66 85 53 52
CH8 E1.0 "004_Group4" 56 90 68 53 28 35
CH10 F1.0 "005_Group5" 98 84 111 43 62 47
CH12 G1.0 "006_Group6" 131 99 83 78 54 66
CH14 H1.0 "007_Group7" 83 96 83 56 72 67
CH32 A2.0 "008_Group8" 72 85 78 53 52 33
CH34 B2.0 "009_Group9" 109 71 68 40 23 50
CH36 C2.0 "010_Group10" 103 89 66 54 35 28
CH38 D2.0 "011_Group11" 101 101 65 66 55 32
CH40 E2.0 "012_Group12" 81 78 57 83 55 23
CH42 F2.0 "013_Group13" 99 78 69 45 47 26
CH44 G2.0 "014_Group14" 84 115 125 94 58 42
CH46 H2.0 "015_Group15" 0 0 0 0 1 4
CH64 A3.0 "016_Group16" 96 63 45 24 30 33
CH66 B3.0 "017_Group17" 86 76 44 57 31 46
CH68 C3.0 "018_Group18" 121 113 40 34 12 21
CH70 D3.0 "019_Group19" 95 72 54 35 20 30
CH72 E3.0 "020_Group20" 109 80 58 59 30 16
CH74 F3.0 "021_Group21" 107 84 81 62 38 41
CH76 G3.0 "022_Group22" 109 99 83 61 49 28
CH78 H3.0 "023_Group23" 89 114 73 71 58 18
CH96 A4.0 "024_Group24" 99 57 57 42 40 35
CH98 B4.0 "025_Group25" 113 60 40 33 36 32
CH100 C4.0 "026_Group26" 113 81 51 54 31 22
CH102 D4.0 "027_Group27" 95 94 83 76 39 57
CH104 E4.0 "028_Group28" 92 77 62 54 41 27
CH106 F4.0 "029_Group29" 117 88 85 50 36 39
CH108 G4.0 "030_Group30" 80 91 64 67 68 42
CH110 H4.0 "031_Group31" 0 0 0 0 0 0
CH128 A5.0 "032_Group32" 84 107 123 99 71 79
CH130 B5.0 "033_Group33" 99 95 91 62 34 70
CH132 C5.0 "034_Group34" 77 93 85 110 59 43
CH134 D5.0 "035_Group35" 113 99 102 115 63 43
CH136 E5.0 "036_Group36" 105 103 108 104 70 82
CH138 F5.0 "037_Group37" 86 78 99 85 66 56
CH140 G5.0 "038_Group38" 86 120 110 107 95 68
CH142 H5.0 "039_Group39" 114 101 80 108 62 82
CH160 A6.0 "040_Group40" 95 126 113 126 53 103
CH162 B6.0 "041_Group41" 76 78 89 51 65 34
CH164 C6.0 "042_Group42" 103 118 85 89 71 46
CH166 D6.0 "043_Group43" 126 93 95 73 52 64
CH168 E6.0 "044_Group44" 102 82 107 92 58 60
CH170 F6.0 "045_Group45" 122 91 113 109 77 91
CH172 G6.0 "046_Group46" 115 97 98 94 60 79
CH174 H6.0 "047_Group47" 0 0 0 0 0 0
CH192 A7.0 "048_Group48" 51 50 30 28 14 24
CH194 B7.0 "049_Group49" 88 59 102 38 84 12
CH196 C7.0 "050_Group50" 74 46 32 26 21 14
CH198 D7.0 "051_Group51" 80 85 60 38 9 12
CH200 E7.0 "052_Group52" 39 65 27 23 16 19
CH202 F7.0 "053_Group53" 107 73 41 31 14 19
CH204 G7.0 "054_Group54" 118 87 66 40 22 18
CH206 H7.0 "055_Group55" 92 90 51 46 56 24
CH224 A8.0 "056_Group56" 74 89 32 26 26 24
CH226 B8.0 "057_Group57" 114 104 49 52 28 11
CH228 C8.0 "058_Group58" 116 91 52 24 24 18
CH230 D8.0 "059_Group59" 74 55 33 37 37 19
CH232 E8.0 "060_Group60" 90 71 37 37 34 25
CH234 F8.0 "061_Group61" 108 80 71 37 37 34
CH236 G8.0 "062_Group62" 123 76 52 54 37 27
CH238 H8.0 "063_Group63" 0 0 0 0 0 0
CH256 A9.0 "064_Group64" 80 46 61 71 53 46
CH258 B9.0 "065_Group65" 111 85 56 84 60 41
CH260 C9.0 "066_Group66" 91 91 112 98 88 88
CH262 D9.0 "067_Group67" 90 59 69 70 35 18
CH264 E9.0 "068_Group68" 71 67 62 67 47 31
CH266 F9.0 "069_Group69" 112 80 77 86 89 44
CH268 G9.0 "070_Group70" 76 107 101 60 29 43
CH270 H9.0 "071_Group71" 69 101 61 51 64 73
CH288 A10.0 "072_Group72" 138 75 57 91 80 93
CH290 B10.0 "073_Group73" 90 49 38 63 39 11
CH292 C10.0 "074_Group74" 68 37 53 78 47 56
CH294 D10.0 "075_Group75" 93 75 101 121 72 46
CH296 E10.0 "076_Group76" 118 93 59 102 89 40
CH298 F10.0 "077_Group77" 105 92 97 71 77 40
CH300 G10.0 "078_Group78" 91 109 113 67 53 64
CH302 H10.0 "079_Group79" 0 0 0 0 0 0
CH320 A11.0 "080_Group80" 68 28 10 27 23 13
CH322 B11.0 "081_Group81" 98 66 19 37 48 24
CH324 C11.0 "082_Group82" 92 69 43 41 12 25
CH326 D11.0 "083_Group83" 92 84 40 20 30 29
CH328 E11.0 "084_Group84" 117 107 59 57 45 41
CH330 F11.0 "085_Group85" 99 101 65 23 30 13
CH332 G11.0 "086_Group86" 90 102 63 73 30 50
CH334 H11.0 "087_Group87" 66 83 74 42 23 29
CH352 A12.0 "088_Group88" 46 50 66 61 56 24
CH354 B12.0 "089_Group89" 113 108 55 54 35 16
CH356 C12.0 "090_Group90" 106 104 42 32 21 28
CH358 D12.0 "091_Group91" 99 80 61 34 29 6
CH360 E12.0 "092_Group92" 121 122 49 53 43 42
CH362 F12.0 "093_Group93" 95 105 59 43 39 23
CH364 G12.0 "094_Group94" 72 75 85 33 45 22
CH366 H12.0 "095_Group95" 0 0 0 0 0 0
