"DATE:" "5/19/2014 12:04:13 PM"
"FILE:" "C:\Users\AndersenLab\Desktop\wmicrotracker\p00010\20140519_1124"
"SUBPROJECT:" "20140519_SwimmingAssayAbamectin200"

"<<<<<< Group Activity: Average Activity Counts per Data Interval>>>>>>"
Group/Time[m] 5 10 15 20 25 30
"000_Group0" 75 84 46 71 43 43
"001_Group1" 95 74 42 65 44 26
"002_Group2" 92 93 66 53 35 26
"003_Group3" 45 81 46 33 17 37
"004_Group4" 91 74 63 50 32 17
"005_Group5" 99 69 33 37 55 21
"006_Group6" 83 87 34 42 25 30
"007_Group7" 60 95 44 36 47 36
"008_Group8" 92 90 32 43 28 36
"009_Group9" 100 98 75 73 96 37
"010_Group10" 89 109 46 40 26 16
"011_Group11" 119 77 81 49 29 41
"012_Group12" 80 86 63 71 41 28
"013_Group13" 91 92 72 77 29 37
"014_Group14" 91 72 48 22 41 42
"015_Group15" 0 0 1 0 0 0
"016_Group16" 89 85 42 39 18 29
"017_Group17" 104 60 39 20 27 38
"018_Group18" 98 65 66 42 39 27
"019_Group19" 116 51 39 43 31 37
"020_Group20" 125 55 35 30 27 29
"021_Group21" 100 76 42 60 44 49
"022_Group22" 93 104 86 64 41 43
"023_Group23" 60 60 70 71 52 53
"024_Group24" 121 74 58 56 33 20
"025_Group25" 101 57 37 32 25 21
"026_Group26" 96 63 37 37 32 42
"027_Group27" 107 63 37 44 32 23
"028_Group28" 115 114 52 47 38 42
"029_Group29" 83 73 60 70 36 38
"030_Group30" 115 88 49 33 32 37
"031_Group31" 0 0 0 0 0 0
"032_Group32" 130 102 64 76 73 83
"033_Group33" 112 100 75 35 73 61
"034_Group34" 108 129 72 85 64 44
"035_Group35" 99 113 106 92 79 64
"036_Group36" 90 97 101 94 64 97
"037_Group37" 118 97 75 96 54 77
"038_Group38" 134 78 75 104 92 78
"039_Group39" 87 104 80 82 66 52
"040_Group40" 124 103 88 79 77 66
"041_Group41" 92 42 71 62 52 71
"042_Group42" 93 95 90 68 54 21
"043_Group43" 95 109 97 85 45 43
"044_Group44" 108 88 101 68 87 50
"045_Group45" 100 110 122 90 76 68
"046_Group46" 92 74 99 98 64 48
"047_Group47" 0 0 1 0 0 0
"048_Group48" 79 103 30 44 18 24
"049_Group49" 69 53 33 23 10 15
"050_Group50" 87 82 23 12 3 4
"051_Group51" 115 77 32 26 23 1
"052_Group52" 105 74 27 28 13 15
"053_Group53" 61 74 31 27 22 20
"054_Group54" 75 132 66 31 16 15
"055_Group55" 103 86 46 52 43 37
"056_Group56" 94 51 36 22 17 9
"057_Group57" 67 71 24 12 0 0
"058_Group58" 56 67 23 4 1 0
"059_Group59" 93 97 35 38 1 9
"060_Group60" 98 83 15 12 6 5
"061_Group61" 88 69 59 60 37 23
"062_Group62" 81 131 50 27 14 19
"063_Group63" 0 0 0 0 0 0
"064_Group64" 45 5 21 73 38 4
"065_Group65" 102 111 57 52 49 47
"066_Group66" 129 85 35 97 69 58
"067_Group67" 86 60 40 29 58 66
"068_Group68" 78 88 45 80 58 35
"069_Group69" 103 70 111 121 70 32
"070_Group70" 100 114 67 85 25 45
"071_Group71" 102 129 89 88 67 52
"072_Group72" 88 85 36 44 50 37
"073_Group73" 113 92 74 58 52 41
"074_Group74" 112 92 54 78 51 38
"075_Group75" 69 88 77 54 87 70
"076_Group76" 96 106 33 71 48 46
"077_Group77" 120 99 92 39 18 36
"078_Group78" 95 132 19 20 41 26
"079_Group79" 0 0 0 0 0 0
"080_Group80" 103 48 22 24 11 26
"081_Group81" 108 95 42 36 33 28
"082_Group82" 94 57 115 49 22 28
"083_Group83" 111 74 31 30 32 28
"084_Group84" 104 90 35 18 18 37
"085_Group85" 157 117 24 27 20 11
"086_Group86" 129 130 93 103 51 30
"087_Group87" 137 77 27 21 28 30
"088_Group88" 64 61 24 29 28 13
"089_Group89" 93 53 50 23 31 18
"090_Group90" 120 105 38 43 35 41
"091_Group91" 108 60 28 39 45 29
"092_Group92" 117 83 55 43 24 26
"093_Group93" 134 77 25 21 19 11
"094_Group94" 87 80 33 44 33 30
"095_Group95" 0 0 0 0 0 0

"<<<<<< Group Activity: Number of wells/group >>>>>>"
Group/Time[m] 5 10 15 20 25 30
"000_Group0" 1 1 1 1 1 1
"001_Group1" 1 1 1 1 1 1
"002_Group2" 1 1 1 1 1 1
"003_Group3" 1 1 1 1 1 1
"004_Group4" 1 1 1 1 1 1
"005_Group5" 1 1 1 1 1 1
"006_Group6" 1 1 1 1 1 1
"007_Group7" 1 1 1 1 1 1
"008_Group8" 1 1 1 1 1 1
"009_Group9" 1 1 1 1 1 1
"010_Group10" 1 1 1 1 1 1
"011_Group11" 1 1 1 1 1 1
"012_Group12" 1 1 1 1 1 1
"013_Group13" 1 1 1 1 1 1
"014_Group14" 1 1 1 1 1 1
"015_Group15" 1 1 1 1 1 1
"016_Group16" 1 1 1 1 1 1
"017_Group17" 1 1 1 1 1 1
"018_Group18" 1 1 1 1 1 1
"019_Group19" 1 1 1 1 1 1
"020_Group20" 1 1 1 1 1 1
"021_Group21" 1 1 1 1 1 1
"022_Group22" 1 1 1 1 1 1
"023_Group23" 1 1 1 1 1 1
"024_Group24" 1 1 1 1 1 1
"025_Group25" 1 1 1 1 1 1
"026_Group26" 1 1 1 1 1 1
"027_Group27" 1 1 1 1 1 1
"028_Group28" 1 1 1 1 1 1
"029_Group29" 1 1 1 1 1 1
"030_Group30" 1 1 1 1 1 1
"031_Group31" 1 1 1 1 1 1
"032_Group32" 1 1 1 1 1 1
"033_Group33" 1 1 1 1 1 1
"034_Group34" 1 1 1 1 1 1
"035_Group35" 1 1 1 1 1 1
"036_Group36" 1 1 1 1 1 1
"037_Group37" 1 1 1 1 1 1
"038_Group38" 1 1 1 1 1 1
"039_Group39" 1 1 1 1 1 1
"040_Group40" 1 1 1 1 1 1
"041_Group41" 1 1 1 1 1 1
"042_Group42" 1 1 1 1 1 1
"043_Group43" 1 1 1 1 1 1
"044_Group44" 1 1 1 1 1 1
"045_Group45" 1 1 1 1 1 1
"046_Group46" 1 1 1 1 1 1
"047_Group47" 1 1 1 1 1 1
"048_Group48" 1 1 1 1 1 1
"049_Group49" 1 1 1 1 1 1
"050_Group50" 1 1 1 1 1 1
"051_Group51" 1 1 1 1 1 1
"052_Group52" 1 1 1 1 1 1
"053_Group53" 1 1 1 1 1 1
"054_Group54" 1 1 1 1 1 1
"055_Group55" 1 1 1 1 1 1
"056_Group56" 1 1 1 1 1 1
"057_Group57" 1 1 1 1 1 1
"058_Group58" 1 1 1 1 1 1
"059_Group59" 1 1 1 1 1 1
"060_Group60" 1 1 1 1 1 1
"061_Group61" 1 1 1 1 1 1
"062_Group62" 1 1 1 1 1 1
"063_Group63" 1 1 1 1 1 1
"064_Group64" 1 1 1 1 1 1
"065_Group65" 1 1 1 1 1 1
"066_Group66" 1 1 1 1 1 1
"067_Group67" 1 1 1 1 1 1
"068_Group68" 1 1 1 1 1 1
"069_Group69" 1 1 1 1 1 1
"070_Group70" 1 1 1 1 1 1
"071_Group71" 1 1 1 1 1 1
"072_Group72" 1 1 1 1 1 1
"073_Group73" 1 1 1 1 1 1
"074_Group74" 1 1 1 1 1 1
"075_Group75" 1 1 1 1 1 1
"076_Group76" 1 1 1 1 1 1
"077_Group77" 1 1 1 1 1 1
"078_Group78" 1 1 1 1 1 1
"079_Group79" 1 1 1 1 1 1
"080_Group80" 1 1 1 1 1 1
"081_Group81" 1 1 1 1 1 1
"082_Group82" 1 1 1 1 1 1
"083_Group83" 1 1 1 1 1 1
"084_Group84" 1 1 1 1 1 1
"085_Group85" 1 1 1 1 1 1
"086_Group86" 1 1 1 1 1 1
"087_Group87" 1 1 1 1 1 1
"088_Group88" 1 1 1 1 1 1
"089_Group89" 1 1 1 1 1 1
"090_Group90" 1 1 1 1 1 1
"091_Group91" 1 1 1 1 1 1
"092_Group92" 1 1 1 1 1 1
"093_Group93" 1 1 1 1 1 1
"094_Group94" 1 1 1 1 1 1
"095_Group95" 1 1 1 1 1 1

"<<<<<< Number of Samples per Acquisition Interval [1unit=500values] >>>>>>"
Time[m] 5 10 15 20 25 30 
#Samples 5 5 5 5 4 4 

"<<<<<< Average Temperature [°C] >>>>>>"
Time[m] 5 10 15 20 25 30 
Temp[°C] 25.3 25.3 25.3 25.3 25.3 25.3 

"<<<<<< Well Activity >>>>>>"
Well Group/Time[m] 5 10 15 20 25 30
A1 "000_Group0" 75 84 46 71 43 43
B1 "001_Group1" 95 74 42 65 44 26
C1 "002_Group2" 92 93 66 53 35 26
D1 "003_Group3" 45 81 46 33 17 37
E1 "004_Group4" 91 74 63 50 32 17
F1 "005_Group5" 99 69 33 37 55 21
G1 "006_Group6" 83 87 34 42 25 30
H1 "007_Group7" 60 95 44 36 47 36
A2 "008_Group8" 92 90 32 43 28 36
B2 "009_Group9" 100 98 75 73 96 37
C2 "010_Group10" 89 109 46 40 26 16
D2 "011_Group11" 119 77 81 49 29 41
E2 "012_Group12" 80 86 63 71 41 28
F2 "013_Group13" 91 92 72 77 29 37
G2 "014_Group14" 91 72 48 22 41 42
H2 "015_Group15" 0 0 1 0 0 0
A3 "016_Group16" 89 85 42 39 18 29
B3 "017_Group17" 104 60 39 20 27 38
C3 "018_Group18" 98 65 66 42 39 27
D3 "019_Group19" 116 51 39 43 31 37
E3 "020_Group20" 125 55 35 30 27 29
F3 "021_Group21" 100 76 42 60 44 49
G3 "022_Group22" 93 104 86 64 41 43
H3 "023_Group23" 60 60 70 71 52 53
A4 "024_Group24" 121 74 58 56 33 20
B4 "025_Group25" 101 57 37 32 25 21
C4 "026_Group26" 96 63 37 37 32 42
D4 "027_Group27" 107 63 37 44 32 23
E4 "028_Group28" 115 114 52 47 38 42
F4 "029_Group29" 83 73 60 70 36 38
G4 "030_Group30" 115 88 49 33 32 37
H4 "031_Group31" 0 0 0 0 0 0
A5 "032_Group32" 130 102 64 76 73 83
B5 "033_Group33" 112 100 75 35 73 61
C5 "034_Group34" 108 129 72 85 64 44
D5 "035_Group35" 99 113 106 92 79 64
E5 "036_Group36" 90 97 101 94 64 97
F5 "037_Group37" 118 97 75 96 54 77
G5 "038_Group38" 134 78 75 104 92 78
H5 "039_Group39" 87 104 80 82 66 52
A6 "040_Group40" 124 103 88 79 77 66
B6 "041_Group41" 92 42 71 62 52 71
C6 "042_Group42" 93 95 90 68 54 21
D6 "043_Group43" 95 109 97 85 45 43
E6 "044_Group44" 108 88 101 68 87 50
F6 "045_Group45" 100 110 122 90 76 68
G6 "046_Group46" 92 74 99 98 64 48
H6 "047_Group47" 0 0 1 0 0 0
A7 "048_Group48" 79 103 30 44 18 24
B7 "049_Group49" 69 53 33 23 10 15
C7 "050_Group50" 87 82 23 12 3 4
D7 "051_Group51" 115 77 32 26 23 1
E7 "052_Group52" 105 74 27 28 13 15
F7 "053_Group53" 61 74 31 27 22 20
G7 "054_Group54" 75 132 66 31 16 15
H7 "055_Group55" 103 86 46 52 43 37
A8 "056_Group56" 94 51 36 22 17 9
B8 "057_Group57" 67 71 24 12 0 0
C8 "058_Group58" 56 67 23 4 1 0
D8 "059_Group59" 93 97 35 38 1 9
E8 "060_Group60" 98 83 15 12 6 5
F8 "061_Group61" 88 69 59 60 37 23
G8 "062_Group62" 81 131 50 27 14 19
H8 "063_Group63" 0 0 0 0 0 0
A9 "064_Group64" 45 5 21 73 38 4
B9 "065_Group65" 102 111 57 52 49 47
C9 "066_Group66" 129 85 35 97 69 58
D9 "067_Group67" 86 60 40 29 58 66
E9 "068_Group68" 78 88 45 80 58 35
F9 "069_Group69" 103 70 111 121 70 32
G9 "070_Group70" 100 114 67 85 25 45
H9 "071_Group71" 102 129 89 88 67 52
A10 "072_Group72" 88 85 36 44 50 37
B10 "073_Group73" 113 92 74 58 52 41
C10 "074_Group74" 112 92 54 78 51 38
D10 "075_Group75" 69 88 77 54 87 70
E10 "076_Group76" 96 106 33 71 48 46
F10 "077_Group77" 120 99 92 39 18 36
G10 "078_Group78" 95 132 19 20 41 26
H10 "079_Group79" 0 0 0 0 0 0
A11 "080_Group80" 103 48 22 24 11 26
B11 "081_Group81" 108 95 42 36 33 28
C11 "082_Group82" 94 57 115 49 22 28
D11 "083_Group83" 111 74 31 30 32 28
E11 "084_Group84" 104 90 35 18 18 37
F11 "085_Group85" 157 117 24 27 20 11
G11 "086_Group86" 129 130 93 103 51 30
H11 "087_Group87" 137 77 27 21 28 30
A12 "088_Group88" 64 61 24 29 28 13
B12 "089_Group89" 93 53 50 23 31 18
C12 "090_Group90" 120 105 38 43 35 41
D12 "091_Group91" 108 60 28 39 45 29
E12 "092_Group92" 117 83 55 43 24 26
F12 "093_Group93" 134 77 25 21 19 11
G12 "094_Group94" 87 80 33 44 33 30
H12 "095_Group95" 0 0 0 0 0 0

"<<<<<< Channel Activity >>>>>>"
Channel Well Group/Time[m] 5 10 15 20 25 30
CH0 A1.0 "000_Group0" 75 84 46 71 43 43
CH2 B1.0 "001_Group1" 95 74 42 65 44 26
CH4 C1.0 "002_Group2" 92 93 66 53 35 26
CH6 D1.0 "003_Group3" 45 81 46 33 17 37
CH8 E1.0 "004_Group4" 91 74 63 50 32 17
CH10 F1.0 "005_Group5" 99 69 33 37 55 21
CH12 G1.0 "006_Group6" 83 87 34 42 25 30
CH14 H1.0 "007_Group7" 60 95 44 36 47 36
CH32 A2.0 "008_Group8" 92 90 32 43 28 36
CH34 B2.0 "009_Group9" 100 98 75 73 96 37
CH36 C2.0 "010_Group10" 89 109 46 40 26 16
CH38 D2.0 "011_Group11" 119 77 81 49 29 41
CH40 E2.0 "012_Group12" 80 86 63 71 41 28
CH42 F2.0 "013_Group13" 91 92 72 77 29 37
CH44 G2.0 "014_Group14" 91 72 48 22 41 42
CH46 H2.0 "015_Group15" 0 0 1 0 0 0
CH64 A3.0 "016_Group16" 89 85 42 39 18 29
CH66 B3.0 "017_Group17" 104 60 39 20 27 38
CH68 C3.0 "018_Group18" 98 65 66 42 39 27
CH70 D3.0 "019_Group19" 116 51 39 43 31 37
CH72 E3.0 "020_Group20" 125 55 35 30 27 29
CH74 F3.0 "021_Group21" 100 76 42 60 44 49
CH76 G3.0 "022_Group22" 93 104 86 64 41 43
CH78 H3.0 "023_Group23" 60 60 70 71 52 53
CH96 A4.0 "024_Group24" 121 74 58 56 33 20
CH98 B4.0 "025_Group25" 101 57 37 32 25 21
CH100 C4.0 "026_Group26" 96 63 37 37 32 42
CH102 D4.0 "027_Group27" 107 63 37 44 32 23
CH104 E4.0 "028_Group28" 115 114 52 47 38 42
CH106 F4.0 "029_Group29" 83 73 60 70 36 38
CH108 G4.0 "030_Group30" 115 88 49 33 32 37
CH110 H4.0 "031_Group31" 0 0 0 0 0 0
CH128 A5.0 "032_Group32" 130 102 64 76 73 83
CH130 B5.0 "033_Group33" 112 100 75 35 73 61
CH132 C5.0 "034_Group34" 108 129 72 85 64 44
CH134 D5.0 "035_Group35" 99 113 106 92 79 64
CH136 E5.0 "036_Group36" 90 97 101 94 64 97
CH138 F5.0 "037_Group37" 118 97 75 96 54 77
CH140 G5.0 "038_Group38" 134 78 75 104 92 78
CH142 H5.0 "039_Group39" 87 104 80 82 66 52
CH160 A6.0 "040_Group40" 124 103 88 79 77 66
CH162 B6.0 "041_Group41" 92 42 71 62 52 71
CH164 C6.0 "042_Group42" 93 95 90 68 54 21
CH166 D6.0 "043_Group43" 95 109 97 85 45 43
CH168 E6.0 "044_Group44" 108 88 101 68 87 50
CH170 F6.0 "045_Group45" 100 110 122 90 76 68
CH172 G6.0 "046_Group46" 92 74 99 98 64 48
CH174 H6.0 "047_Group47" 0 0 1 0 0 0
CH192 A7.0 "048_Group48" 79 103 30 44 18 24
CH194 B7.0 "049_Group49" 69 53 33 23 10 15
CH196 C7.0 "050_Group50" 87 82 23 12 3 4
CH198 D7.0 "051_Group51" 115 77 32 26 23 1
CH200 E7.0 "052_Group52" 105 74 27 28 13 15
CH202 F7.0 "053_Group53" 61 74 31 27 22 20
CH204 G7.0 "054_Group54" 75 132 66 31 16 15
CH206 H7.0 "055_Group55" 103 86 46 52 43 37
CH224 A8.0 "056_Group56" 94 51 36 22 17 9
CH226 B8.0 "057_Group57" 67 71 24 12 0 0
CH228 C8.0 "058_Group58" 56 67 23 4 1 0
CH230 D8.0 "059_Group59" 93 97 35 38 1 9
CH232 E8.0 "060_Group60" 98 83 15 12 6 5
CH234 F8.0 "061_Group61" 88 69 59 60 37 23
CH236 G8.0 "062_Group62" 81 131 50 27 14 19
CH238 H8.0 "063_Group63" 0 0 0 0 0 0
CH256 A9.0 "064_Group64" 45 5 21 73 38 4
CH258 B9.0 "065_Group65" 102 111 57 52 49 47
CH260 C9.0 "066_Group66" 129 85 35 97 69 58
CH262 D9.0 "067_Group67" 86 60 40 29 58 66
CH264 E9.0 "068_Group68" 78 88 45 80 58 35
CH266 F9.0 "069_Group69" 103 70 111 121 70 32
CH268 G9.0 "070_Group70" 100 114 67 85 25 45
CH270 H9.0 "071_Group71" 102 129 89 88 67 52
CH288 A10.0 "072_Group72" 88 85 36 44 50 37
CH290 B10.0 "073_Group73" 113 92 74 58 52 41
CH292 C10.0 "074_Group74" 112 92 54 78 51 38
CH294 D10.0 "075_Group75" 69 88 77 54 87 70
CH296 E10.0 "076_Group76" 96 106 33 71 48 46
CH298 F10.0 "077_Group77" 120 99 92 39 18 36
CH300 G10.0 "078_Group78" 95 132 19 20 41 26
CH302 H10.0 "079_Group79" 0 0 0 0 0 0
CH320 A11.0 "080_Group80" 103 48 22 24 11 26
CH322 B11.0 "081_Group81" 108 95 42 36 33 28
CH324 C11.0 "082_Group82" 94 57 115 49 22 28
CH326 D11.0 "083_Group83" 111 74 31 30 32 28
CH328 E11.0 "084_Group84" 104 90 35 18 18 37
CH330 F11.0 "085_Group85" 157 117 24 27 20 11
CH332 G11.0 "086_Group86" 129 130 93 103 51 30
CH334 H11.0 "087_Group87" 137 77 27 21 28 30
CH352 A12.0 "088_Group88" 64 61 24 29 28 13
CH354 B12.0 "089_Group89" 93 53 50 23 31 18
CH356 C12.0 "090_Group90" 120 105 38 43 35 41
CH358 D12.0 "091_Group91" 108 60 28 39 45 29
CH360 E12.0 "092_Group92" 117 83 55 43 24 26
CH362 F12.0 "093_Group93" 134 77 25 21 19 11
CH364 G12.0 "094_Group94" 87 80 33 44 33 30
CH366 H12.0 "095_Group95" 0 0 0 0 0 0
