"DATE:" "3/5/2015 8:14:34 PM"
"FILE:" "C:\Users\AndersenLab\Desktop\wmicrotracker\p00011\20150305_1910"
"SUBPROJECT:" "20150305_dmso_control"

"<<<<<< Group Activity: Average Activity Counts per Data Interval>>>>>>"
Group/Time[m] 2 4 6 8 10 12 14 16 18 20 22 24 26 28 30 32 34 36 38 40 42 44 46 48 50 52 54 56 58 60
"000_Group0" 17 16 20 12 13 11 20 17 21 24 18 21 9 20 26 28 34 18 19 18 10 31 35 27 23 23 15 14 22 23
"001_Group1" 15 30 21 24 15 25 36 23 21 29 20 21 29 35 19 27 25 23 22 30 28 32 31 38 29 29 35 27 29 26
"002_Group2" 36 36 33 28 21 26 31 25 22 24 33 32 30 27 18 26 24 29 31 41 32 27 24 24 28 28 23 18 40 16
"003_Group3" 23 25 26 24 26 27 21 32 26 16 20 22 20 30 33 29 19 24 24 24 30 25 25 25 26 28 28 19 33 31
"004_Group4" 21 25 35 24 27 27 23 29 31 29 28 25 27 28 30 26 27 18 15 32 32 22 19 24 27 12 20 24 24 20
"005_Group5" 15 36 14 27 25 23 15 19 16 19 32 31 27 22 26 21 29 31 30 29 31 23 25 23 23 20 16 12 27 36
"006_Group6" 15 35 34 22 25 30 22 23 26 26 27 32 27 27 16 28 28 29 28 22 24 35 24 28 29 24 25 28 26 25
"007_Group7" 32 22 15 27 15 22 28 31 36 22 32 33 27 34 31 26 33 23 26 33 29 27 29 38 27 27 23 20 31 21
"008_Group8" 13 18 26 15 22 22 27 27 20 19 17 19 23 20 22 27 28 23 22 19 31 24 26 18 22 19 25 23 18 25
"009_Group9" 23 16 18 18 21 17 25 25 32 22 24 27 27 26 25 13 17 21 26 12 10 32 19 23 32 29 28 27 26 27
"010_Group10" 17 21 19 32 29 27 21 26 21 14 35 35 23 23 26 22 22 20 24 25 24 19 25 23 19 26 18 26 32 25
"011_Group11" 21 17 25 32 24 25 25 26 25 25 25 18 25 28 23 19 13 21 20 25 19 22 24 23 18 21 20 25 24 12
"012_Group12" 22 27 24 24 30 17 23 28 21 22 18 19 17 31 23 19 22 30 21 22 31 29 26 21 23 36 31 27 22 28
"013_Group13" 20 28 30 29 27 30 40 29 17 19 23 28 31 31 33 33 28 31 28 27 24 25 16 32 21 27 21 17 24 21
"014_Group14" 4 24 28 32 22 28 16 24 27 24 27 28 28 22 32 24 23 29 27 19 23 34 30 31 27 23 23 24 24 27
"015_Group15" 11 18 24 28 24 29 37 26 23 21 25 29 28 16 22 28 17 25 27 23 31 24 20 19 36 31 23 31 27 29
"016_Group16" 18 5 16 11 34 26 38 32 32 30 35 30 32 47 26 28 39 33 27 21 34 33 46 36 33 38 23 28 30 32
"017_Group17" 24 32 12 4 18 14 12 30 32 33 39 35 29 37 23 24 22 34 42 30 24 33 21 24 46 40 36 29 41 19
"018_Group18" 12 29 26 32 34 9 4 9 15 17 33 32 29 33 31 28 24 22 23 30 33 27 28 36 41 32 24 30 27 25
"019_Group19" 5 15 29 20 16 17 21 31 21 32 20 29 34 27 30 28 28 23 35 32 40 31 33 39 29 25 22 29 30 29
"020_Group20" 13 8 22 34 11 16 9 24 25 24 29 38 38 31 31 37 29 28 30 34 34 28 25 36 30 28 15 27 20 10
"021_Group21" 15 32 12 18 22 27 37 32 35 29 33 43 22 37 39 30 25 27 26 19 28 25 32 36 41 26 21 27 17 16
"022_Group22" 5 29 34 31 18 27 27 20 34 36 41 33 26 24 24 32 29 30 37 41 36 23 29 28 31 38 40 37 27 35
"023_Group23" 7 27 38 25 12 10 14 10 36 33 24 18 26 32 38 37 36 37 33 35 39 38 36 39 43 47 35 30 23 18
"024_Group24" 26 20 24 34 36 26 24 10 32 30 25 28 17 15 13 29 21 25 32 36 27 31 34 24 36 16 20 16 28 20
"025_Group25" 28 23 20 25 32 23 22 19 15 20 23 27 23 17 17 21 26 23 13 19 17 21 24 21 16 27 27 18 20 23
"026_Group26" 13 30 37 32 23 26 25 26 31 28 20 19 24 31 23 21 18 23 15 25 17 23 26 26 26 26 25 31 32 22
"027_Group27" 25 32 28 26 23 23 14 14 19 21 22 22 26 23 18 25 24 32 20 11 20 21 21 24 18 28 17 19 22 24
"028_Group28" 16 13 20 23 24 24 24 25 18 18 18 29 20 20 17 21 25 18 31 16 30 26 20 18 26 26 29 18 20 25
"029_Group29" 23 20 21 27 28 19 20 26 25 34 16 16 23 30 31 24 37 23 30 29 23 32 23 19 18 22 27 25 20 11
"030_Group30" 12 27 21 21 26 20 21 25 22 22 22 24 29 23 16 35 19 20 19 20 21 19 17 16 19 20 20 10 19 17
"031_Group31" 10 24 26 20 26 26 31 19 27 24 23 21 17 16 16 20 24 39 21 24 23 23 24 28 23 28 34 27 29 20
"032_Group32" 6 2 6 4 8 14 37 31 39 53 39 38 32 37 43 33 36 43 44 32 44 37 34 34 34 45 42 32 29 20
"033_Group33" 21 11 5 6 12 16 23 24 37 23 15 43 38 32 27 36 30 38 31 24 29 37 34 27 29 28 21 25 43 24
"034_Group34" 8 7 16 27 34 31 28 23 25 15 27 37 29 26 41 38 40 21 21 19 15 31 36 24 28 30 35 35 38 42
"035_Group35" 40 39 19 26 31 29 24 37 41 41 37 26 33 44 30 33 41 34 38 28 22 45 40 22 20 27 39 39 23 22
"036_Group36" 31 28 24 29 30 53 29 27 22 21 35 45 36 42 35 28 32 42 29 33 24 33 30 26 27 29 33 25 25 29
"037_Group37" 12 21 19 28 24 31 29 12 25 25 26 34 34 38 28 33 28 33 39 32 31 38 41 30 32 38 34 28 32 33
"038_Group38" 4 0 10 27 10 21 23 25 21 27 17 24 27 30 44 35 45 45 39 43 24 40 32 37 20 39 42 37 27 25
"039_Group39" 36 35 2 6 24 7 11 22 36 38 42 29 35 38 35 26 33 33 33 34 38 34 33 35 34 35 26 33 42 21
"040_Group40" 20 3 14 4 12 34 29 24 25 34 25 21 32 23 27 30 17 19 23 26 21 29 19 20 24 27 28 29 32 19
"041_Group41" 18 7 21 20 20 21 23 15 24 23 25 37 25 26 28 28 21 20 27 20 20 22 17 21 21 27 29 22 22 20
"042_Group42" 39 27 30 33 29 26 19 29 27 33 24 27 25 28 32 25 24 29 37 28 36 32 34 26 27 29 23 34 28 25
"043_Group43" 27 35 35 35 32 26 33 31 30 25 28 22 17 27 37 30 25 31 38 25 20 21 20 29 24 25 22 30 27 23
"044_Group44" 20 35 38 33 29 37 33 28 22 29 24 25 29 26 29 25 28 27 23 22 22 23 24 22 29 26 26 30 25 24
"045_Group45" 30 29 30 25 35 26 26 24 29 27 27 25 23 32 29 30 27 25 22 19 28 31 25 27 25 20 37 33 29 28
"046_Group46" 25 27 21 30 34 30 34 32 32 29 24 29 27 25 29 31 27 25 25 20 36 30 25 22 22 26 21 29 39 36
"047_Group47" 40 29 21 26 31 26 31 17 34 26 24 18 32 13 26 33 31 33 31 29 23 24 23 28 30 35 23 26 27 15
"048_Group48" 7 12 22 18 21 30 32 20 30 26 21 20 23 23 22 27 32 24 22 23 18 20 27 20 26 28 25 28 24 19
"049_Group49" 25 8 25 25 25 24 19 14 39 33 34 22 21 31 21 16 25 29 26 27 25 29 19 23 20 16 20 26 29 16
"050_Group50" 31 24 26 22 22 25 25 27 20 27 33 17 24 20 23 32 21 30 26 32 16 25 28 18 19 23 33 27 21 26
"051_Group51" 31 25 25 29 33 35 35 30 23 26 23 22 36 24 25 25 29 25 23 25 26 30 26 26 20 25 33 32 30 17
"052_Group52" 24 31 22 28 20 26 30 29 28 24 23 27 20 23 22 29 30 26 22 20 21 14 18 22 23 26 33 32 20 21
"053_Group53" 12 16 12 18 26 29 31 37 27 23 23 28 35 25 28 24 29 27 17 21 28 29 30 29 34 21 24 32 16 21
"054_Group54" 29 27 36 31 31 37 26 26 20 32 29 23 29 27 39 25 28 38 28 30 19 28 27 28 29 38 23 26 33 23
"055_Group55" 9 28 25 21 21 23 42 32 29 38 38 29 29 22 28 26 28 30 37 32 33 39 36 27 31 26 28 32 30 32
"056_Group56" 25 22 33 22 25 22 20 26 33 27 25 20 16 31 21 22 28 18 18 20 27 23 22 28 25 26 23 29 22 25
"057_Group57" 16 20 19 29 40 25 22 25 15 22 24 23 18 22 25 27 20 14 23 29 26 19 26 23 28 24 34 25 25 24
"058_Group58" 9 14 22 27 16 20 26 27 21 23 23 26 22 16 33 27 22 20 23 33 27 25 14 16 26 13 21 24 29 16
"059_Group59" 28 24 21 26 27 26 30 25 34 27 19 28 25 26 22 27 22 20 21 26 25 21 31 34 30 27 39 33 25 43
"060_Group60" 33 24 21 29 28 23 33 21 31 34 34 25 26 18 16 29 19 10 26 37 25 23 34 36 30 25 18 21 19 15
"061_Group61" 32 18 14 26 27 20 21 26 23 29 32 27 26 28 24 26 11 21 27 33 26 31 26 29 32 21 25 25 20 27
"062_Group62" 17 21 21 17 25 22 20 31 29 34 22 16 23 22 34 23 23 21 26 16 27 27 16 20 24 22 22 21 22 21
"063_Group63" 17 25 31 29 28 25 24 29 26 24 31 27 28 25 34 26 30 28 32 43 29 35 30 28 33 29 27 26 30 18
"064_Group64" 27 12 23 22 20 29 25 32 24 30 22 28 19 22 28 27 25 33 27 30 28 23 20 26 26 29 25 21 25 22
"065_Group65" 30 36 20 26 28 30 31 26 31 27 22 30 25 24 28 19 19 15 22 21 32 31 29 29 17 21 29 26 23 32
"066_Group66" 20 31 32 21 27 21 22 35 25 33 29 25 26 32 26 20 29 26 19 26 26 29 25 20 23 19 23 30 24 36
"067_Group67" 33 25 39 37 41 41 33 24 37 28 34 17 22 36 24 28 29 31 40 30 35 28 32 32 24 26 26 36 34 20
"068_Group68" 27 32 28 33 10 28 33 30 36 30 39 35 28 23 27 24 22 28 31 24 27 28 34 29 29 31 26 16 33 17
"069_Group69" 27 32 28 37 36 30 28 25 27 26 26 22 25 27 23 27 25 36 25 25 30 23 25 25 18 19 33 32 21 18
"070_Group70" 36 32 30 30 27 23 33 35 26 32 30 23 21 19 20 22 26 23 20 21 23 22 22 22 20 27 25 31 33 27
"071_Group71" 20 25 20 22 25 14 32 26 25 25 19 21 26 39 21 30 33 30 33 26 26 29 31 26 25 31 34 31 24 30
"072_Group72" 11 8 29 16 16 16 14 20 20 26 33 32 34 23 26 27 27 19 25 47 33 21 28 17 24 25 27 29 31 39
"073_Group73" 18 22 24 25 25 27 31 22 32 27 26 25 42 38 27 29 35 20 35 34 32 18 22 20 28 20 19 31 30 23
"074_Group74" 22 25 26 35 21 23 2 4 23 26 35 41 33 38 25 25 28 40 37 37 33 31 28 25 22 25 35 36 34 36
"075_Group75" 1 14 21 40 40 23 11 15 26 45 36 34 31 35 26 26 28 31 26 25 26 44 30 25 39 39 27 24 31 20
"076_Group76" 32 19 29 12 24 16 13 19 28 38 38 34 26 32 20 32 27 36 37 39 29 24 27 28 22 19 37 24 32 20
"077_Group77" 13 29 27 15 14 27 23 20 29 33 32 39 28 24 26 28 29 37 30 29 37 35 31 27 23 28 28 30 42 48
"078_Group78" 1 7 5 8 23 23 26 32 16 33 32 32 39 39 39 40 43 43 43 38 41 48 31 27 23 31 27 18 17 13
"079_Group79" 28 26 34 15 18 8 22 27 24 37 17 27 34 31 27 34 31 41 31 30 22 22 24 24 23 35 28 30 26 29
"080_Group80" 21 24 18 22 24 27 33 19 33 26 23 19 29 22 22 31 26 17 17 31 24 24 23 28 32 27 31 20 25 15
"081_Group81" 30 19 24 21 30 30 14 21 25 27 19 18 20 27 27 31 24 28 29 21 28 26 27 26 24 27 14 18 25 24
"082_Group82" 24 25 27 25 24 19 25 14 34 26 22 28 32 16 26 19 29 32 31 19 17 22 23 15 22 25 22 21 19 19
"083_Group83" 26 24 24 18 19 30 25 14 22 28 36 17 27 17 12 21 27 24 24 23 25 22 24 21 16 9 22 10 30 18
"084_Group84" 10 20 27 21 36 32 21 29 13 21 30 28 18 15 25 21 27 27 18 28 21 24 18 27 32 31 27 27 27 24
"085_Group85" 24 31 25 22 26 26 20 22 26 28 16 33 28 27 27 26 19 19 28 21 23 14 19 21 14 25 23 28 29 17
"086_Group86" 38 32 28 26 30 27 29 25 30 31 30 21 29 31 30 33 23 27 28 21 16 21 24 30 19 23 26 20 24 33
"087_Group87" 19 18 24 21 27 22 16 19 24 21 20 18 16 16 25 18 22 22 28 29 26 30 29 26 23 15 25 20 21 16
"088_Group88" 25 24 13 15 22 21 21 10 18 23 29 34 22 26 20 23 28 20 23 24 18 36 29 26 23 27 26 26 22 24
"089_Group89" 27 14 27 22 23 26 24 25 17 17 30 19 25 31 24 34 31 18 28 24 30 34 27 20 28 19 32 21 22 12
"090_Group90" 17 27 15 18 25 20 20 29 38 42 33 26 29 27 22 34 29 27 25 25 33 30 38 30 33 22 14 16 26 32
"091_Group91" 31 30 21 24 18 18 22 32 26 29 12 34 34 34 28 21 15 27 17 15 25 31 29 25 31 30 27 27 35 19
"092_Group92" 28 28 22 20 31 23 24 26 24 27 21 25 27 30 42 31 28 22 27 26 22 17 17 26 36 19 18 19 23 21
"093_Group93" 26 28 33 31 22 30 27 20 34 20 22 29 29 26 23 26 24 22 26 32 24 36 26 21 26 30 28 31 26 31
"094_Group94" 35 33 5 17 28 19 22 14 27 27 32 23 21 25 21 28 33 24 26 25 19 19 24 26 13 27 23 27 26 19
"095_Group95" 24 24 28 30 20 26 27 42 50 37 27 25 31 26 21 24 36 24 18 22 18 25 18 19 38 25 27 29 30 33

"<<<<<< Group Activity: Number of wells/group >>>>>>"
Group/Time[m] 2 4 6 8 10 12 14 16 18 20 22 24 26 28 30 32 34 36 38 40 42 44 46 48 50 52 54 56 58 60
"000_Group0" 1 1 1 1 1 1 1 1 1 1 1 1 1 1 1 1 1 1 1 1 1 1 1 1 1 1 1 1 1 1
"001_Group1" 1 1 1 1 1 1 1 1 1 1 1 1 1 1 1 1 1 1 1 1 1 1 1 1 1 1 1 1 1 1
"002_Group2" 1 1 1 1 1 1 1 1 1 1 1 1 1 1 1 1 1 1 1 1 1 1 1 1 1 1 1 1 1 1
"003_Group3" 1 1 1 1 1 1 1 1 1 1 1 1 1 1 1 1 1 1 1 1 1 1 1 1 1 1 1 1 1 1
"004_Group4" 1 1 1 1 1 1 1 1 1 1 1 1 1 1 1 1 1 1 1 1 1 1 1 1 1 1 1 1 1 1
"005_Group5" 1 1 1 1 1 1 1 1 1 1 1 1 1 1 1 1 1 1 1 1 1 1 1 1 1 1 1 1 1 1
"006_Group6" 1 1 1 1 1 1 1 1 1 1 1 1 1 1 1 1 1 1 1 1 1 1 1 1 1 1 1 1 1 1
"007_Group7" 1 1 1 1 1 1 1 1 1 1 1 1 1 1 1 1 1 1 1 1 1 1 1 1 1 1 1 1 1 1
"008_Group8" 1 1 1 1 1 1 1 1 1 1 1 1 1 1 1 1 1 1 1 1 1 1 1 1 1 1 1 1 1 1
"009_Group9" 1 1 1 1 1 1 1 1 1 1 1 1 1 1 1 1 1 1 1 1 1 1 1 1 1 1 1 1 1 1
"010_Group10" 1 1 1 1 1 1 1 1 1 1 1 1 1 1 1 1 1 1 1 1 1 1 1 1 1 1 1 1 1 1
"011_Group11" 1 1 1 1 1 1 1 1 1 1 1 1 1 1 1 1 1 1 1 1 1 1 1 1 1 1 1 1 1 1
"012_Group12" 1 1 1 1 1 1 1 1 1 1 1 1 1 1 1 1 1 1 1 1 1 1 1 1 1 1 1 1 1 1
"013_Group13" 1 1 1 1 1 1 1 1 1 1 1 1 1 1 1 1 1 1 1 1 1 1 1 1 1 1 1 1 1 1
"014_Group14" 1 1 1 1 1 1 1 1 1 1 1 1 1 1 1 1 1 1 1 1 1 1 1 1 1 1 1 1 1 1
"015_Group15" 1 1 1 1 1 1 1 1 1 1 1 1 1 1 1 1 1 1 1 1 1 1 1 1 1 1 1 1 1 1
"016_Group16" 1 1 1 1 1 1 1 1 1 1 1 1 1 1 1 1 1 1 1 1 1 1 1 1 1 1 1 1 1 1
"017_Group17" 1 1 1 1 1 1 1 1 1 1 1 1 1 1 1 1 1 1 1 1 1 1 1 1 1 1 1 1 1 1
"018_Group18" 1 1 1 1 1 1 1 1 1 1 1 1 1 1 1 1 1 1 1 1 1 1 1 1 1 1 1 1 1 1
"019_Group19" 1 1 1 1 1 1 1 1 1 1 1 1 1 1 1 1 1 1 1 1 1 1 1 1 1 1 1 1 1 1
"020_Group20" 1 1 1 1 1 1 1 1 1 1 1 1 1 1 1 1 1 1 1 1 1 1 1 1 1 1 1 1 1 1
"021_Group21" 1 1 1 1 1 1 1 1 1 1 1 1 1 1 1 1 1 1 1 1 1 1 1 1 1 1 1 1 1 1
"022_Group22" 1 1 1 1 1 1 1 1 1 1 1 1 1 1 1 1 1 1 1 1 1 1 1 1 1 1 1 1 1 1
"023_Group23" 1 1 1 1 1 1 1 1 1 1 1 1 1 1 1 1 1 1 1 1 1 1 1 1 1 1 1 1 1 1
"024_Group24" 1 1 1 1 1 1 1 1 1 1 1 1 1 1 1 1 1 1 1 1 1 1 1 1 1 1 1 1 1 1
"025_Group25" 1 1 1 1 1 1 1 1 1 1 1 1 1 1 1 1 1 1 1 1 1 1 1 1 1 1 1 1 1 1
"026_Group26" 1 1 1 1 1 1 1 1 1 1 1 1 1 1 1 1 1 1 1 1 1 1 1 1 1 1 1 1 1 1
"027_Group27" 1 1 1 1 1 1 1 1 1 1 1 1 1 1 1 1 1 1 1 1 1 1 1 1 1 1 1 1 1 1
"028_Group28" 1 1 1 1 1 1 1 1 1 1 1 1 1 1 1 1 1 1 1 1 1 1 1 1 1 1 1 1 1 1
"029_Group29" 1 1 1 1 1 1 1 1 1 1 1 1 1 1 1 1 1 1 1 1 1 1 1 1 1 1 1 1 1 1
"030_Group30" 1 1 1 1 1 1 1 1 1 1 1 1 1 1 1 1 1 1 1 1 1 1 1 1 1 1 1 1 1 1
"031_Group31" 1 1 1 1 1 1 1 1 1 1 1 1 1 1 1 1 1 1 1 1 1 1 1 1 1 1 1 1 1 1
"032_Group32" 1 1 1 1 1 1 1 1 1 1 1 1 1 1 1 1 1 1 1 1 1 1 1 1 1 1 1 1 1 1
"033_Group33" 1 1 1 1 1 1 1 1 1 1 1 1 1 1 1 1 1 1 1 1 1 1 1 1 1 1 1 1 1 1
"034_Group34" 1 1 1 1 1 1 1 1 1 1 1 1 1 1 1 1 1 1 1 1 1 1 1 1 1 1 1 1 1 1
"035_Group35" 1 1 1 1 1 1 1 1 1 1 1 1 1 1 1 1 1 1 1 1 1 1 1 1 1 1 1 1 1 1
"036_Group36" 1 1 1 1 1 1 1 1 1 1 1 1 1 1 1 1 1 1 1 1 1 1 1 1 1 1 1 1 1 1
"037_Group37" 1 1 1 1 1 1 1 1 1 1 1 1 1 1 1 1 1 1 1 1 1 1 1 1 1 1 1 1 1 1
"038_Group38" 1 1 1 1 1 1 1 1 1 1 1 1 1 1 1 1 1 1 1 1 1 1 1 1 1 1 1 1 1 1
"039_Group39" 1 1 1 1 1 1 1 1 1 1 1 1 1 1 1 1 1 1 1 1 1 1 1 1 1 1 1 1 1 1
"040_Group40" 1 1 1 1 1 1 1 1 1 1 1 1 1 1 1 1 1 1 1 1 1 1 1 1 1 1 1 1 1 1
"041_Group41" 1 1 1 1 1 1 1 1 1 1 1 1 1 1 1 1 1 1 1 1 1 1 1 1 1 1 1 1 1 1
"042_Group42" 1 1 1 1 1 1 1 1 1 1 1 1 1 1 1 1 1 1 1 1 1 1 1 1 1 1 1 1 1 1
"043_Group43" 1 1 1 1 1 1 1 1 1 1 1 1 1 1 1 1 1 1 1 1 1 1 1 1 1 1 1 1 1 1
"044_Group44" 1 1 1 1 1 1 1 1 1 1 1 1 1 1 1 1 1 1 1 1 1 1 1 1 1 1 1 1 1 1
"045_Group45" 1 1 1 1 1 1 1 1 1 1 1 1 1 1 1 1 1 1 1 1 1 1 1 1 1 1 1 1 1 1
"046_Group46" 1 1 1 1 1 1 1 1 1 1 1 1 1 1 1 1 1 1 1 1 1 1 1 1 1 1 1 1 1 1
"047_Group47" 1 1 1 1 1 1 1 1 1 1 1 1 1 1 1 1 1 1 1 1 1 1 1 1 1 1 1 1 1 1
"048_Group48" 1 1 1 1 1 1 1 1 1 1 1 1 1 1 1 1 1 1 1 1 1 1 1 1 1 1 1 1 1 1
"049_Group49" 1 1 1 1 1 1 1 1 1 1 1 1 1 1 1 1 1 1 1 1 1 1 1 1 1 1 1 1 1 1
"050_Group50" 1 1 1 1 1 1 1 1 1 1 1 1 1 1 1 1 1 1 1 1 1 1 1 1 1 1 1 1 1 1
"051_Group51" 1 1 1 1 1 1 1 1 1 1 1 1 1 1 1 1 1 1 1 1 1 1 1 1 1 1 1 1 1 1
"052_Group52" 1 1 1 1 1 1 1 1 1 1 1 1 1 1 1 1 1 1 1 1 1 1 1 1 1 1 1 1 1 1
"053_Group53" 1 1 1 1 1 1 1 1 1 1 1 1 1 1 1 1 1 1 1 1 1 1 1 1 1 1 1 1 1 1
"054_Group54" 1 1 1 1 1 1 1 1 1 1 1 1 1 1 1 1 1 1 1 1 1 1 1 1 1 1 1 1 1 1
"055_Group55" 1 1 1 1 1 1 1 1 1 1 1 1 1 1 1 1 1 1 1 1 1 1 1 1 1 1 1 1 1 1
"056_Group56" 1 1 1 1 1 1 1 1 1 1 1 1 1 1 1 1 1 1 1 1 1 1 1 1 1 1 1 1 1 1
"057_Group57" 1 1 1 1 1 1 1 1 1 1 1 1 1 1 1 1 1 1 1 1 1 1 1 1 1 1 1 1 1 1
"058_Group58" 1 1 1 1 1 1 1 1 1 1 1 1 1 1 1 1 1 1 1 1 1 1 1 1 1 1 1 1 1 1
"059_Group59" 1 1 1 1 1 1 1 1 1 1 1 1 1 1 1 1 1 1 1 1 1 1 1 1 1 1 1 1 1 1
"060_Group60" 1 1 1 1 1 1 1 1 1 1 1 1 1 1 1 1 1 1 1 1 1 1 1 1 1 1 1 1 1 1
"061_Group61" 1 1 1 1 1 1 1 1 1 1 1 1 1 1 1 1 1 1 1 1 1 1 1 1 1 1 1 1 1 1
"062_Group62" 1 1 1 1 1 1 1 1 1 1 1 1 1 1 1 1 1 1 1 1 1 1 1 1 1 1 1 1 1 1
"063_Group63" 1 1 1 1 1 1 1 1 1 1 1 1 1 1 1 1 1 1 1 1 1 1 1 1 1 1 1 1 1 1
"064_Group64" 1 1 1 1 1 1 1 1 1 1 1 1 1 1 1 1 1 1 1 1 1 1 1 1 1 1 1 1 1 1
"065_Group65" 1 1 1 1 1 1 1 1 1 1 1 1 1 1 1 1 1 1 1 1 1 1 1 1 1 1 1 1 1 1
"066_Group66" 1 1 1 1 1 1 1 1 1 1 1 1 1 1 1 1 1 1 1 1 1 1 1 1 1 1 1 1 1 1
"067_Group67" 1 1 1 1 1 1 1 1 1 1 1 1 1 1 1 1 1 1 1 1 1 1 1 1 1 1 1 1 1 1
"068_Group68" 1 1 1 1 1 1 1 1 1 1 1 1 1 1 1 1 1 1 1 1 1 1 1 1 1 1 1 1 1 1
"069_Group69" 1 1 1 1 1 1 1 1 1 1 1 1 1 1 1 1 1 1 1 1 1 1 1 1 1 1 1 1 1 1
"070_Group70" 1 1 1 1 1 1 1 1 1 1 1 1 1 1 1 1 1 1 1 1 1 1 1 1 1 1 1 1 1 1
"071_Group71" 1 1 1 1 1 1 1 1 1 1 1 1 1 1 1 1 1 1 1 1 1 1 1 1 1 1 1 1 1 1
"072_Group72" 1 1 1 1 1 1 1 1 1 1 1 1 1 1 1 1 1 1 1 1 1 1 1 1 1 1 1 1 1 1
"073_Group73" 1 1 1 1 1 1 1 1 1 1 1 1 1 1 1 1 1 1 1 1 1 1 1 1 1 1 1 1 1 1
"074_Group74" 1 1 1 1 1 1 1 1 1 1 1 1 1 1 1 1 1 1 1 1 1 1 1 1 1 1 1 1 1 1
"075_Group75" 1 1 1 1 1 1 1 1 1 1 1 1 1 1 1 1 1 1 1 1 1 1 1 1 1 1 1 1 1 1
"076_Group76" 1 1 1 1 1 1 1 1 1 1 1 1 1 1 1 1 1 1 1 1 1 1 1 1 1 1 1 1 1 1
"077_Group77" 1 1 1 1 1 1 1 1 1 1 1 1 1 1 1 1 1 1 1 1 1 1 1 1 1 1 1 1 1 1
"078_Group78" 1 1 1 1 1 1 1 1 1 1 1 1 1 1 1 1 1 1 1 1 1 1 1 1 1 1 1 1 1 1
"079_Group79" 1 1 1 1 1 1 1 1 1 1 1 1 1 1 1 1 1 1 1 1 1 1 1 1 1 1 1 1 1 1
"080_Group80" 1 1 1 1 1 1 1 1 1 1 1 1 1 1 1 1 1 1 1 1 1 1 1 1 1 1 1 1 1 1
"081_Group81" 1 1 1 1 1 1 1 1 1 1 1 1 1 1 1 1 1 1 1 1 1 1 1 1 1 1 1 1 1 1
"082_Group82" 1 1 1 1 1 1 1 1 1 1 1 1 1 1 1 1 1 1 1 1 1 1 1 1 1 1 1 1 1 1
"083_Group83" 1 1 1 1 1 1 1 1 1 1 1 1 1 1 1 1 1 1 1 1 1 1 1 1 1 1 1 1 1 1
"084_Group84" 1 1 1 1 1 1 1 1 1 1 1 1 1 1 1 1 1 1 1 1 1 1 1 1 1 1 1 1 1 1
"085_Group85" 1 1 1 1 1 1 1 1 1 1 1 1 1 1 1 1 1 1 1 1 1 1 1 1 1 1 1 1 1 1
"086_Group86" 1 1 1 1 1 1 1 1 1 1 1 1 1 1 1 1 1 1 1 1 1 1 1 1 1 1 1 1 1 1
"087_Group87" 1 1 1 1 1 1 1 1 1 1 1 1 1 1 1 1 1 1 1 1 1 1 1 1 1 1 1 1 1 1
"088_Group88" 1 1 1 1 1 1 1 1 1 1 1 1 1 1 1 1 1 1 1 1 1 1 1 1 1 1 1 1 1 1
"089_Group89" 1 1 1 1 1 1 1 1 1 1 1 1 1 1 1 1 1 1 1 1 1 1 1 1 1 1 1 1 1 1
"090_Group90" 1 1 1 1 1 1 1 1 1 1 1 1 1 1 1 1 1 1 1 1 1 1 1 1 1 1 1 1 1 1
"091_Group91" 1 1 1 1 1 1 1 1 1 1 1 1 1 1 1 1 1 1 1 1 1 1 1 1 1 1 1 1 1 1
"092_Group92" 1 1 1 1 1 1 1 1 1 1 1 1 1 1 1 1 1 1 1 1 1 1 1 1 1 1 1 1 1 1
"093_Group93" 1 1 1 1 1 1 1 1 1 1 1 1 1 1 1 1 1 1 1 1 1 1 1 1 1 1 1 1 1 1
"094_Group94" 1 1 1 1 1 1 1 1 1 1 1 1 1 1 1 1 1 1 1 1 1 1 1 1 1 1 1 1 1 1
"095_Group95" 1 1 1 1 1 1 1 1 1 1 1 1 1 1 1 1 1 1 1 1 1 1 1 1 1 1 1 1 1 1

"<<<<<< Number of Samples per Acquisition Interval [1unit=500values] >>>>>>"
Time[m] 2 4 6 8 10 12 14 16 18 20 22 24 26 28 30 32 34 36 38 40 42 44 46 48 50 52 54 56 58 60 
#Samples 2 2 2 2 2 2 2 2 2 2 2 2 2 2 2 2 2 2 2 2 2 2 2 2 2 2 2 2 2 2 

"<<<<<< Average Temperature [°C] >>>>>>"
Time[m] 2 4 6 8 10 12 14 16 18 20 22 24 26 28 30 32 34 36 38 40 42 44 46 48 50 52 54 56 58 60 
Temp[°C] 20.3 20.3 20.3 20.3 20.3 20.3 20.3 20.4 20.5 20.5 20.5 20.5 20.5 20.5 20.5 20.5 20.5 20.5 20.5 20.5 20.5 20.5 20.5 20.5 20.5 20.5 20.6 20.5 20.7 20.7 

"<<<<<< Well Activity >>>>>>"
Well Group/Time[m] 2 4 6 8 10 12 14 16 18 20 22 24 26 28 30 32 34 36 38 40 42 44 46 48 50 52 54 56 58 60
A1 "000_Group0" 17 16 20 12 13 11 20 17 21 24 18 21 9 20 26 28 34 18 19 18 10 31 35 27 23 23 15 14 22 23
B1 "001_Group1" 15 30 21 24 15 25 36 23 21 29 20 21 29 35 19 27 25 23 22 30 28 32 31 38 29 29 35 27 29 26
C1 "002_Group2" 36 36 33 28 21 26 31 25 22 24 33 32 30 27 18 26 24 29 31 41 32 27 24 24 28 28 23 18 40 16
D1 "003_Group3" 23 25 26 24 26 27 21 32 26 16 20 22 20 30 33 29 19 24 24 24 30 25 25 25 26 28 28 19 33 31
E1 "004_Group4" 21 25 35 24 27 27 23 29 31 29 28 25 27 28 30 26 27 18 15 32 32 22 19 24 27 12 20 24 24 20
F1 "005_Group5" 15 36 14 27 25 23 15 19 16 19 32 31 27 22 26 21 29 31 30 29 31 23 25 23 23 20 16 12 27 36
G1 "006_Group6" 15 35 34 22 25 30 22 23 26 26 27 32 27 27 16 28 28 29 28 22 24 35 24 28 29 24 25 28 26 25
H1 "007_Group7" 32 22 15 27 15 22 28 31 36 22 32 33 27 34 31 26 33 23 26 33 29 27 29 38 27 27 23 20 31 21
A2 "008_Group8" 13 18 26 15 22 22 27 27 20 19 17 19 23 20 22 27 28 23 22 19 31 24 26 18 22 19 25 23 18 25
B2 "009_Group9" 23 16 18 18 21 17 25 25 32 22 24 27 27 26 25 13 17 21 26 12 10 32 19 23 32 29 28 27 26 27
C2 "010_Group10" 17 21 19 32 29 27 21 26 21 14 35 35 23 23 26 22 22 20 24 25 24 19 25 23 19 26 18 26 32 25
D2 "011_Group11" 21 17 25 32 24 25 25 26 25 25 25 18 25 28 23 19 13 21 20 25 19 22 24 23 18 21 20 25 24 12
E2 "012_Group12" 22 27 24 24 30 17 23 28 21 22 18 19 17 31 23 19 22 30 21 22 31 29 26 21 23 36 31 27 22 28
F2 "013_Group13" 20 28 30 29 27 30 40 29 17 19 23 28 31 31 33 33 28 31 28 27 24 25 16 32 21 27 21 17 24 21
G2 "014_Group14" 4 24 28 32 22 28 16 24 27 24 27 28 28 22 32 24 23 29 27 19 23 34 30 31 27 23 23 24 24 27
H2 "015_Group15" 11 18 24 28 24 29 37 26 23 21 25 29 28 16 22 28 17 25 27 23 31 24 20 19 36 31 23 31 27 29
A3 "016_Group16" 18 5 16 11 34 26 38 32 32 30 35 30 32 47 26 28 39 33 27 21 34 33 46 36 33 38 23 28 30 32
B3 "017_Group17" 24 32 12 4 18 14 12 30 32 33 39 35 29 37 23 24 22 34 42 30 24 33 21 24 46 40 36 29 41 19
C3 "018_Group18" 12 29 26 32 34 9 4 9 15 17 33 32 29 33 31 28 24 22 23 30 33 27 28 36 41 32 24 30 27 25
D3 "019_Group19" 5 15 29 20 16 17 21 31 21 32 20 29 34 27 30 28 28 23 35 32 40 31 33 39 29 25 22 29 30 29
E3 "020_Group20" 13 8 22 34 11 16 9 24 25 24 29 38 38 31 31 37 29 28 30 34 34 28 25 36 30 28 15 27 20 10
F3 "021_Group21" 15 32 12 18 22 27 37 32 35 29 33 43 22 37 39 30 25 27 26 19 28 25 32 36 41 26 21 27 17 16
G3 "022_Group22" 5 29 34 31 18 27 27 20 34 36 41 33 26 24 24 32 29 30 37 41 36 23 29 28 31 38 40 37 27 35
H3 "023_Group23" 7 27 38 25 12 10 14 10 36 33 24 18 26 32 38 37 36 37 33 35 39 38 36 39 43 47 35 30 23 18
A4 "024_Group24" 26 20 24 34 36 26 24 10 32 30 25 28 17 15 13 29 21 25 32 36 27 31 34 24 36 16 20 16 28 20
B4 "025_Group25" 28 23 20 25 32 23 22 19 15 20 23 27 23 17 17 21 26 23 13 19 17 21 24 21 16 27 27 18 20 23
C4 "026_Group26" 13 30 37 32 23 26 25 26 31 28 20 19 24 31 23 21 18 23 15 25 17 23 26 26 26 26 25 31 32 22
D4 "027_Group27" 25 32 28 26 23 23 14 14 19 21 22 22 26 23 18 25 24 32 20 11 20 21 21 24 18 28 17 19 22 24
E4 "028_Group28" 16 13 20 23 24 24 24 25 18 18 18 29 20 20 17 21 25 18 31 16 30 26 20 18 26 26 29 18 20 25
F4 "029_Group29" 23 20 21 27 28 19 20 26 25 34 16 16 23 30 31 24 37 23 30 29 23 32 23 19 18 22 27 25 20 11
G4 "030_Group30" 12 27 21 21 26 20 21 25 22 22 22 24 29 23 16 35 19 20 19 20 21 19 17 16 19 20 20 10 19 17
H4 "031_Group31" 10 24 26 20 26 26 31 19 27 24 23 21 17 16 16 20 24 39 21 24 23 23 24 28 23 28 34 27 29 20
A5 "032_Group32" 6 2 6 4 8 14 37 31 39 53 39 38 32 37 43 33 36 43 44 32 44 37 34 34 34 45 42 32 29 20
B5 "033_Group33" 21 11 5 6 12 16 23 24 37 23 15 43 38 32 27 36 30 38 31 24 29 37 34 27 29 28 21 25 43 24
C5 "034_Group34" 8 7 16 27 34 31 28 23 25 15 27 37 29 26 41 38 40 21 21 19 15 31 36 24 28 30 35 35 38 42
D5 "035_Group35" 40 39 19 26 31 29 24 37 41 41 37 26 33 44 30 33 41 34 38 28 22 45 40 22 20 27 39 39 23 22
E5 "036_Group36" 31 28 24 29 30 53 29 27 22 21 35 45 36 42 35 28 32 42 29 33 24 33 30 26 27 29 33 25 25 29
F5 "037_Group37" 12 21 19 28 24 31 29 12 25 25 26 34 34 38 28 33 28 33 39 32 31 38 41 30 32 38 34 28 32 33
G5 "038_Group38" 4 0 10 27 10 21 23 25 21 27 17 24 27 30 44 35 45 45 39 43 24 40 32 37 20 39 42 37 27 25
H5 "039_Group39" 36 35 2 6 24 7 11 22 36 38 42 29 35 38 35 26 33 33 33 34 38 34 33 35 34 35 26 33 42 21
A6 "040_Group40" 20 3 14 4 12 34 29 24 25 34 25 21 32 23 27 30 17 19 23 26 21 29 19 20 24 27 28 29 32 19
B6 "041_Group41" 18 7 21 20 20 21 23 15 24 23 25 37 25 26 28 28 21 20 27 20 20 22 17 21 21 27 29 22 22 20
C6 "042_Group42" 39 27 30 33 29 26 19 29 27 33 24 27 25 28 32 25 24 29 37 28 36 32 34 26 27 29 23 34 28 25
D6 "043_Group43" 27 35 35 35 32 26 33 31 30 25 28 22 17 27 37 30 25 31 38 25 20 21 20 29 24 25 22 30 27 23
E6 "044_Group44" 20 35 38 33 29 37 33 28 22 29 24 25 29 26 29 25 28 27 23 22 22 23 24 22 29 26 26 30 25 24
F6 "045_Group45" 30 29 30 25 35 26 26 24 29 27 27 25 23 32 29 30 27 25 22 19 28 31 25 27 25 20 37 33 29 28
G6 "046_Group46" 25 27 21 30 34 30 34 32 32 29 24 29 27 25 29 31 27 25 25 20 36 30 25 22 22 26 21 29 39 36
H6 "047_Group47" 40 29 21 26 31 26 31 17 34 26 24 18 32 13 26 33 31 33 31 29 23 24 23 28 30 35 23 26 27 15
A7 "048_Group48" 7 12 22 18 21 30 32 20 30 26 21 20 23 23 22 27 32 24 22 23 18 20 27 20 26 28 25 28 24 19
B7 "049_Group49" 25 8 25 25 25 24 19 14 39 33 34 22 21 31 21 16 25 29 26 27 25 29 19 23 20 16 20 26 29 16
C7 "050_Group50" 31 24 26 22 22 25 25 27 20 27 33 17 24 20 23 32 21 30 26 32 16 25 28 18 19 23 33 27 21 26
D7 "051_Group51" 31 25 25 29 33 35 35 30 23 26 23 22 36 24 25 25 29 25 23 25 26 30 26 26 20 25 33 32 30 17
E7 "052_Group52" 24 31 22 28 20 26 30 29 28 24 23 27 20 23 22 29 30 26 22 20 21 14 18 22 23 26 33 32 20 21
F7 "053_Group53" 12 16 12 18 26 29 31 37 27 23 23 28 35 25 28 24 29 27 17 21 28 29 30 29 34 21 24 32 16 21
G7 "054_Group54" 29 27 36 31 31 37 26 26 20 32 29 23 29 27 39 25 28 38 28 30 19 28 27 28 29 38 23 26 33 23
H7 "055_Group55" 9 28 25 21 21 23 42 32 29 38 38 29 29 22 28 26 28 30 37 32 33 39 36 27 31 26 28 32 30 32
A8 "056_Group56" 25 22 33 22 25 22 20 26 33 27 25 20 16 31 21 22 28 18 18 20 27 23 22 28 25 26 23 29 22 25
B8 "057_Group57" 16 20 19 29 40 25 22 25 15 22 24 23 18 22 25 27 20 14 23 29 26 19 26 23 28 24 34 25 25 24
C8 "058_Group58" 9 14 22 27 16 20 26 27 21 23 23 26 22 16 33 27 22 20 23 33 27 25 14 16 26 13 21 24 29 16
D8 "059_Group59" 28 24 21 26 27 26 30 25 34 27 19 28 25 26 22 27 22 20 21 26 25 21 31 34 30 27 39 33 25 43
E8 "060_Group60" 33 24 21 29 28 23 33 21 31 34 34 25 26 18 16 29 19 10 26 37 25 23 34 36 30 25 18 21 19 15
F8 "061_Group61" 32 18 14 26 27 20 21 26 23 29 32 27 26 28 24 26 11 21 27 33 26 31 26 29 32 21 25 25 20 27
G8 "062_Group62" 17 21 21 17 25 22 20 31 29 34 22 16 23 22 34 23 23 21 26 16 27 27 16 20 24 22 22 21 22 21
H8 "063_Group63" 17 25 31 29 28 25 24 29 26 24 31 27 28 25 34 26 30 28 32 43 29 35 30 28 33 29 27 26 30 18
A9 "064_Group64" 27 12 23 22 20 29 25 32 24 30 22 28 19 22 28 27 25 33 27 30 28 23 20 26 26 29 25 21 25 22
B9 "065_Group65" 30 36 20 26 28 30 31 26 31 27 22 30 25 24 28 19 19 15 22 21 32 31 29 29 17 21 29 26 23 32
C9 "066_Group66" 20 31 32 21 27 21 22 35 25 33 29 25 26 32 26 20 29 26 19 26 26 29 25 20 23 19 23 30 24 36
D9 "067_Group67" 33 25 39 37 41 41 33 24 37 28 34 17 22 36 24 28 29 31 40 30 35 28 32 32 24 26 26 36 34 20
E9 "068_Group68" 27 32 28 33 10 28 33 30 36 30 39 35 28 23 27 24 22 28 31 24 27 28 34 29 29 31 26 16 33 17
F9 "069_Group69" 27 32 28 37 36 30 28 25 27 26 26 22 25 27 23 27 25 36 25 25 30 23 25 25 18 19 33 32 21 18
G9 "070_Group70" 36 32 30 30 27 23 33 35 26 32 30 23 21 19 20 22 26 23 20 21 23 22 22 22 20 27 25 31 33 27
H9 "071_Group71" 20 25 20 22 25 14 32 26 25 25 19 21 26 39 21 30 33 30 33 26 26 29 31 26 25 31 34 31 24 30
A10 "072_Group72" 11 8 29 16 16 16 14 20 20 26 33 32 34 23 26 27 27 19 25 47 33 21 28 17 24 25 27 29 31 39
B10 "073_Group73" 18 22 24 25 25 27 31 22 32 27 26 25 42 38 27 29 35 20 35 34 32 18 22 20 28 20 19 31 30 23
C10 "074_Group74" 22 25 26 35 21 23 2 4 23 26 35 41 33 38 25 25 28 40 37 37 33 31 28 25 22 25 35 36 34 36
D10 "075_Group75" 1 14 21 40 40 23 11 15 26 45 36 34 31 35 26 26 28 31 26 25 26 44 30 25 39 39 27 24 31 20
E10 "076_Group76" 32 19 29 12 24 16 13 19 28 38 38 34 26 32 20 32 27 36 37 39 29 24 27 28 22 19 37 24 32 20
F10 "077_Group77" 13 29 27 15 14 27 23 20 29 33 32 39 28 24 26 28 29 37 30 29 37 35 31 27 23 28 28 30 42 48
G10 "078_Group78" 1 7 5 8 23 23 26 32 16 33 32 32 39 39 39 40 43 43 43 38 41 48 31 27 23 31 27 18 17 13
H10 "079_Group79" 28 26 34 15 18 8 22 27 24 37 17 27 34 31 27 34 31 41 31 30 22 22 24 24 23 35 28 30 26 29
A11 "080_Group80" 21 24 18 22 24 27 33 19 33 26 23 19 29 22 22 31 26 17 17 31 24 24 23 28 32 27 31 20 25 15
B11 "081_Group81" 30 19 24 21 30 30 14 21 25 27 19 18 20 27 27 31 24 28 29 21 28 26 27 26 24 27 14 18 25 24
C11 "082_Group82" 24 25 27 25 24 19 25 14 34 26 22 28 32 16 26 19 29 32 31 19 17 22 23 15 22 25 22 21 19 19
D11 "083_Group83" 26 24 24 18 19 30 25 14 22 28 36 17 27 17 12 21 27 24 24 23 25 22 24 21 16 9 22 10 30 18
E11 "084_Group84" 10 20 27 21 36 32 21 29 13 21 30 28 18 15 25 21 27 27 18 28 21 24 18 27 32 31 27 27 27 24
F11 "085_Group85" 24 31 25 22 26 26 20 22 26 28 16 33 28 27 27 26 19 19 28 21 23 14 19 21 14 25 23 28 29 17
G11 "086_Group86" 38 32 28 26 30 27 29 25 30 31 30 21 29 31 30 33 23 27 28 21 16 21 24 30 19 23 26 20 24 33
H11 "087_Group87" 19 18 24 21 27 22 16 19 24 21 20 18 16 16 25 18 22 22 28 29 26 30 29 26 23 15 25 20 21 16
A12 "088_Group88" 25 24 13 15 22 21 21 10 18 23 29 34 22 26 20 23 28 20 23 24 18 36 29 26 23 27 26 26 22 24
B12 "089_Group89" 27 14 27 22 23 26 24 25 17 17 30 19 25 31 24 34 31 18 28 24 30 34 27 20 28 19 32 21 22 12
C12 "090_Group90" 17 27 15 18 25 20 20 29 38 42 33 26 29 27 22 34 29 27 25 25 33 30 38 30 33 22 14 16 26 32
D12 "091_Group91" 31 30 21 24 18 18 22 32 26 29 12 34 34 34 28 21 15 27 17 15 25 31 29 25 31 30 27 27 35 19
E12 "092_Group92" 28 28 22 20 31 23 24 26 24 27 21 25 27 30 42 31 28 22 27 26 22 17 17 26 36 19 18 19 23 21
F12 "093_Group93" 26 28 33 31 22 30 27 20 34 20 22 29 29 26 23 26 24 22 26 32 24 36 26 21 26 30 28 31 26 31
G12 "094_Group94" 35 33 5 17 28 19 22 14 27 27 32 23 21 25 21 28 33 24 26 25 19 19 24 26 13 27 23 27 26 19
H12 "095_Group95" 24 24 28 30 20 26 27 42 50 37 27 25 31 26 21 24 36 24 18 22 18 25 18 19 38 25 27 29 30 33

"<<<<<< Channel Activity >>>>>>"
Channel Well Group/Time[m] 2 4 6 8 10 12 14 16 18 20 22 24 26 28 30 32 34 36 38 40 42 44 46 48 50 52 54 56 58 60
CH0 A1.0 "000_Group0" 17 16 20 12 13 11 20 17 21 24 18 21 9 20 26 28 34 18 19 18 10 31 35 27 23 23 15 14 22 23
CH2 B1.0 "001_Group1" 15 30 21 24 15 25 36 23 21 29 20 21 29 35 19 27 25 23 22 30 28 32 31 38 29 29 35 27 29 26
CH4 C1.0 "002_Group2" 36 36 33 28 21 26 31 25 22 24 33 32 30 27 18 26 24 29 31 41 32 27 24 24 28 28 23 18 40 16
CH6 D1.0 "003_Group3" 23 25 26 24 26 27 21 32 26 16 20 22 20 30 33 29 19 24 24 24 30 25 25 25 26 28 28 19 33 31
CH8 E1.0 "004_Group4" 21 25 35 24 27 27 23 29 31 29 28 25 27 28 30 26 27 18 15 32 32 22 19 24 27 12 20 24 24 20
CH10 F1.0 "005_Group5" 15 36 14 27 25 23 15 19 16 19 32 31 27 22 26 21 29 31 30 29 31 23 25 23 23 20 16 12 27 36
CH12 G1.0 "006_Group6" 15 35 34 22 25 30 22 23 26 26 27 32 27 27 16 28 28 29 28 22 24 35 24 28 29 24 25 28 26 25
CH14 H1.0 "007_Group7" 32 22 15 27 15 22 28 31 36 22 32 33 27 34 31 26 33 23 26 33 29 27 29 38 27 27 23 20 31 21
CH32 A2.0 "008_Group8" 13 18 26 15 22 22 27 27 20 19 17 19 23 20 22 27 28 23 22 19 31 24 26 18 22 19 25 23 18 25
CH34 B2.0 "009_Group9" 23 16 18 18 21 17 25 25 32 22 24 27 27 26 25 13 17 21 26 12 10 32 19 23 32 29 28 27 26 27
CH36 C2.0 "010_Group10" 17 21 19 32 29 27 21 26 21 14 35 35 23 23 26 22 22 20 24 25 24 19 25 23 19 26 18 26 32 25
CH38 D2.0 "011_Group11" 21 17 25 32 24 25 25 26 25 25 25 18 25 28 23 19 13 21 20 25 19 22 24 23 18 21 20 25 24 12
CH40 E2.0 "012_Group12" 22 27 24 24 30 17 23 28 21 22 18 19 17 31 23 19 22 30 21 22 31 29 26 21 23 36 31 27 22 28
CH42 F2.0 "013_Group13" 20 28 30 29 27 30 40 29 17 19 23 28 31 31 33 33 28 31 28 27 24 25 16 32 21 27 21 17 24 21
CH44 G2.0 "014_Group14" 4 24 28 32 22 28 16 24 27 24 27 28 28 22 32 24 23 29 27 19 23 34 30 31 27 23 23 24 24 27
CH46 H2.0 "015_Group15" 11 18 24 28 24 29 37 26 23 21 25 29 28 16 22 28 17 25 27 23 31 24 20 19 36 31 23 31 27 29
CH64 A3.0 "016_Group16" 18 5 16 11 34 26 38 32 32 30 35 30 32 47 26 28 39 33 27 21 34 33 46 36 33 38 23 28 30 32
CH66 B3.0 "017_Group17" 24 32 12 4 18 14 12 30 32 33 39 35 29 37 23 24 22 34 42 30 24 33 21 24 46 40 36 29 41 19
CH68 C3.0 "018_Group18" 12 29 26 32 34 9 4 9 15 17 33 32 29 33 31 28 24 22 23 30 33 27 28 36 41 32 24 30 27 25
CH70 D3.0 "019_Group19" 5 15 29 20 16 17 21 31 21 32 20 29 34 27 30 28 28 23 35 32 40 31 33 39 29 25 22 29 30 29
CH72 E3.0 "020_Group20" 13 8 22 34 11 16 9 24 25 24 29 38 38 31 31 37 29 28 30 34 34 28 25 36 30 28 15 27 20 10
CH74 F3.0 "021_Group21" 15 32 12 18 22 27 37 32 35 29 33 43 22 37 39 30 25 27 26 19 28 25 32 36 41 26 21 27 17 16
CH76 G3.0 "022_Group22" 5 29 34 31 18 27 27 20 34 36 41 33 26 24 24 32 29 30 37 41 36 23 29 28 31 38 40 37 27 35
CH78 H3.0 "023_Group23" 7 27 38 25 12 10 14 10 36 33 24 18 26 32 38 37 36 37 33 35 39 38 36 39 43 47 35 30 23 18
CH96 A4.0 "024_Group24" 26 20 24 34 36 26 24 10 32 30 25 28 17 15 13 29 21 25 32 36 27 31 34 24 36 16 20 16 28 20
CH98 B4.0 "025_Group25" 28 23 20 25 32 23 22 19 15 20 23 27 23 17 17 21 26 23 13 19 17 21 24 21 16 27 27 18 20 23
CH100 C4.0 "026_Group26" 13 30 37 32 23 26 25 26 31 28 20 19 24 31 23 21 18 23 15 25 17 23 26 26 26 26 25 31 32 22
CH102 D4.0 "027_Group27" 25 32 28 26 23 23 14 14 19 21 22 22 26 23 18 25 24 32 20 11 20 21 21 24 18 28 17 19 22 24
CH104 E4.0 "028_Group28" 16 13 20 23 24 24 24 25 18 18 18 29 20 20 17 21 25 18 31 16 30 26 20 18 26 26 29 18 20 25
CH106 F4.0 "029_Group29" 23 20 21 27 28 19 20 26 25 34 16 16 23 30 31 24 37 23 30 29 23 32 23 19 18 22 27 25 20 11
CH108 G4.0 "030_Group30" 12 27 21 21 26 20 21 25 22 22 22 24 29 23 16 35 19 20 19 20 21 19 17 16 19 20 20 10 19 17
CH110 H4.0 "031_Group31" 10 24 26 20 26 26 31 19 27 24 23 21 17 16 16 20 24 39 21 24 23 23 24 28 23 28 34 27 29 20
CH128 A5.0 "032_Group32" 6 2 6 4 8 14 37 31 39 53 39 38 32 37 43 33 36 43 44 32 44 37 34 34 34 45 42 32 29 20
CH130 B5.0 "033_Group33" 21 11 5 6 12 16 23 24 37 23 15 43 38 32 27 36 30 38 31 24 29 37 34 27 29 28 21 25 43 24
CH132 C5.0 "034_Group34" 8 7 16 27 34 31 28 23 25 15 27 37 29 26 41 38 40 21 21 19 15 31 36 24 28 30 35 35 38 42
CH134 D5.0 "035_Group35" 40 39 19 26 31 29 24 37 41 41 37 26 33 44 30 33 41 34 38 28 22 45 40 22 20 27 39 39 23 22
CH136 E5.0 "036_Group36" 31 28 24 29 30 53 29 27 22 21 35 45 36 42 35 28 32 42 29 33 24 33 30 26 27 29 33 25 25 29
CH138 F5.0 "037_Group37" 12 21 19 28 24 31 29 12 25 25 26 34 34 38 28 33 28 33 39 32 31 38 41 30 32 38 34 28 32 33
CH140 G5.0 "038_Group38" 4 0 10 27 10 21 23 25 21 27 17 24 27 30 44 35 45 45 39 43 24 40 32 37 20 39 42 37 27 25
CH142 H5.0 "039_Group39" 36 35 2 6 24 7 11 22 36 38 42 29 35 38 35 26 33 33 33 34 38 34 33 35 34 35 26 33 42 21
CH160 A6.0 "040_Group40" 20 3 14 4 12 34 29 24 25 34 25 21 32 23 27 30 17 19 23 26 21 29 19 20 24 27 28 29 32 19
CH162 B6.0 "041_Group41" 18 7 21 20 20 21 23 15 24 23 25 37 25 26 28 28 21 20 27 20 20 22 17 21 21 27 29 22 22 20
CH164 C6.0 "042_Group42" 39 27 30 33 29 26 19 29 27 33 24 27 25 28 32 25 24 29 37 28 36 32 34 26 27 29 23 34 28 25
CH166 D6.0 "043_Group43" 27 35 35 35 32 26 33 31 30 25 28 22 17 27 37 30 25 31 38 25 20 21 20 29 24 25 22 30 27 23
CH168 E6.0 "044_Group44" 20 35 38 33 29 37 33 28 22 29 24 25 29 26 29 25 28 27 23 22 22 23 24 22 29 26 26 30 25 24
CH170 F6.0 "045_Group45" 30 29 30 25 35 26 26 24 29 27 27 25 23 32 29 30 27 25 22 19 28 31 25 27 25 20 37 33 29 28
CH172 G6.0 "046_Group46" 25 27 21 30 34 30 34 32 32 29 24 29 27 25 29 31 27 25 25 20 36 30 25 22 22 26 21 29 39 36
CH174 H6.0 "047_Group47" 40 29 21 26 31 26 31 17 34 26 24 18 32 13 26 33 31 33 31 29 23 24 23 28 30 35 23 26 27 15
CH192 A7.0 "048_Group48" 7 12 22 18 21 30 32 20 30 26 21 20 23 23 22 27 32 24 22 23 18 20 27 20 26 28 25 28 24 19
CH194 B7.0 "049_Group49" 25 8 25 25 25 24 19 14 39 33 34 22 21 31 21 16 25 29 26 27 25 29 19 23 20 16 20 26 29 16
CH196 C7.0 "050_Group50" 31 24 26 22 22 25 25 27 20 27 33 17 24 20 23 32 21 30 26 32 16 25 28 18 19 23 33 27 21 26
CH198 D7.0 "051_Group51" 31 25 25 29 33 35 35 30 23 26 23 22 36 24 25 25 29 25 23 25 26 30 26 26 20 25 33 32 30 17
CH200 E7.0 "052_Group52" 24 31 22 28 20 26 30 29 28 24 23 27 20 23 22 29 30 26 22 20 21 14 18 22 23 26 33 32 20 21
CH202 F7.0 "053_Group53" 12 16 12 18 26 29 31 37 27 23 23 28 35 25 28 24 29 27 17 21 28 29 30 29 34 21 24 32 16 21
CH204 G7.0 "054_Group54" 29 27 36 31 31 37 26 26 20 32 29 23 29 27 39 25 28 38 28 30 19 28 27 28 29 38 23 26 33 23
CH206 H7.0 "055_Group55" 9 28 25 21 21 23 42 32 29 38 38 29 29 22 28 26 28 30 37 32 33 39 36 27 31 26 28 32 30 32
CH224 A8.0 "056_Group56" 25 22 33 22 25 22 20 26 33 27 25 20 16 31 21 22 28 18 18 20 27 23 22 28 25 26 23 29 22 25
CH226 B8.0 "057_Group57" 16 20 19 29 40 25 22 25 15 22 24 23 18 22 25 27 20 14 23 29 26 19 26 23 28 24 34 25 25 24
CH228 C8.0 "058_Group58" 9 14 22 27 16 20 26 27 21 23 23 26 22 16 33 27 22 20 23 33 27 25 14 16 26 13 21 24 29 16
CH230 D8.0 "059_Group59" 28 24 21 26 27 26 30 25 34 27 19 28 25 26 22 27 22 20 21 26 25 21 31 34 30 27 39 33 25 43
CH232 E8.0 "060_Group60" 33 24 21 29 28 23 33 21 31 34 34 25 26 18 16 29 19 10 26 37 25 23 34 36 30 25 18 21 19 15
CH234 F8.0 "061_Group61" 32 18 14 26 27 20 21 26 23 29 32 27 26 28 24 26 11 21 27 33 26 31 26 29 32 21 25 25 20 27
CH236 G8.0 "062_Group62" 17 21 21 17 25 22 20 31 29 34 22 16 23 22 34 23 23 21 26 16 27 27 16 20 24 22 22 21 22 21
CH238 H8.0 "063_Group63" 17 25 31 29 28 25 24 29 26 24 31 27 28 25 34 26 30 28 32 43 29 35 30 28 33 29 27 26 30 18
CH256 A9.0 "064_Group64" 27 12 23 22 20 29 25 32 24 30 22 28 19 22 28 27 25 33 27 30 28 23 20 26 26 29 25 21 25 22
CH258 B9.0 "065_Group65" 30 36 20 26 28 30 31 26 31 27 22 30 25 24 28 19 19 15 22 21 32 31 29 29 17 21 29 26 23 32
CH260 C9.0 "066_Group66" 20 31 32 21 27 21 22 35 25 33 29 25 26 32 26 20 29 26 19 26 26 29 25 20 23 19 23 30 24 36
CH262 D9.0 "067_Group67" 33 25 39 37 41 41 33 24 37 28 34 17 22 36 24 28 29 31 40 30 35 28 32 32 24 26 26 36 34 20
CH264 E9.0 "068_Group68" 27 32 28 33 10 28 33 30 36 30 39 35 28 23 27 24 22 28 31 24 27 28 34 29 29 31 26 16 33 17
CH266 F9.0 "069_Group69" 27 32 28 37 36 30 28 25 27 26 26 22 25 27 23 27 25 36 25 25 30 23 25 25 18 19 33 32 21 18
CH268 G9.0 "070_Group70" 36 32 30 30 27 23 33 35 26 32 30 23 21 19 20 22 26 23 20 21 23 22 22 22 20 27 25 31 33 27
CH270 H9.0 "071_Group71" 20 25 20 22 25 14 32 26 25 25 19 21 26 39 21 30 33 30 33 26 26 29 31 26 25 31 34 31 24 30
CH288 A10.0 "072_Group72" 11 8 29 16 16 16 14 20 20 26 33 32 34 23 26 27 27 19 25 47 33 21 28 17 24 25 27 29 31 39
CH290 B10.0 "073_Group73" 18 22 24 25 25 27 31 22 32 27 26 25 42 38 27 29 35 20 35 34 32 18 22 20 28 20 19 31 30 23
CH292 C10.0 "074_Group74" 22 25 26 35 21 23 2 4 23 26 35 41 33 38 25 25 28 40 37 37 33 31 28 25 22 25 35 36 34 36
CH294 D10.0 "075_Group75" 1 14 21 40 40 23 11 15 26 45 36 34 31 35 26 26 28 31 26 25 26 44 30 25 39 39 27 24 31 20
CH296 E10.0 "076_Group76" 32 19 29 12 24 16 13 19 28 38 38 34 26 32 20 32 27 36 37 39 29 24 27 28 22 19 37 24 32 20
CH298 F10.0 "077_Group77" 13 29 27 15 14 27 23 20 29 33 32 39 28 24 26 28 29 37 30 29 37 35 31 27 23 28 28 30 42 48
CH300 G10.0 "078_Group78" 1 7 5 8 23 23 26 32 16 33 32 32 39 39 39 40 43 43 43 38 41 48 31 27 23 31 27 18 17 13
CH302 H10.0 "079_Group79" 28 26 34 15 18 8 22 27 24 37 17 27 34 31 27 34 31 41 31 30 22 22 24 24 23 35 28 30 26 29
CH320 A11.0 "080_Group80" 21 24 18 22 24 27 33 19 33 26 23 19 29 22 22 31 26 17 17 31 24 24 23 28 32 27 31 20 25 15
CH322 B11.0 "081_Group81" 30 19 24 21 30 30 14 21 25 27 19 18 20 27 27 31 24 28 29 21 28 26 27 26 24 27 14 18 25 24
CH324 C11.0 "082_Group82" 24 25 27 25 24 19 25 14 34 26 22 28 32 16 26 19 29 32 31 19 17 22 23 15 22 25 22 21 19 19
CH326 D11.0 "083_Group83" 26 24 24 18 19 30 25 14 22 28 36 17 27 17 12 21 27 24 24 23 25 22 24 21 16 9 22 10 30 18
CH328 E11.0 "084_Group84" 10 20 27 21 36 32 21 29 13 21 30 28 18 15 25 21 27 27 18 28 21 24 18 27 32 31 27 27 27 24
CH330 F11.0 "085_Group85" 24 31 25 22 26 26 20 22 26 28 16 33 28 27 27 26 19 19 28 21 23 14 19 21 14 25 23 28 29 17
CH332 G11.0 "086_Group86" 38 32 28 26 30 27 29 25 30 31 30 21 29 31 30 33 23 27 28 21 16 21 24 30 19 23 26 20 24 33
CH334 H11.0 "087_Group87" 19 18 24 21 27 22 16 19 24 21 20 18 16 16 25 18 22 22 28 29 26 30 29 26 23 15 25 20 21 16
CH352 A12.0 "088_Group88" 25 24 13 15 22 21 21 10 18 23 29 34 22 26 20 23 28 20 23 24 18 36 29 26 23 27 26 26 22 24
CH354 B12.0 "089_Group89" 27 14 27 22 23 26 24 25 17 17 30 19 25 31 24 34 31 18 28 24 30 34 27 20 28 19 32 21 22 12
CH356 C12.0 "090_Group90" 17 27 15 18 25 20 20 29 38 42 33 26 29 27 22 34 29 27 25 25 33 30 38 30 33 22 14 16 26 32
CH358 D12.0 "091_Group91" 31 30 21 24 18 18 22 32 26 29 12 34 34 34 28 21 15 27 17 15 25 31 29 25 31 30 27 27 35 19
CH360 E12.0 "092_Group92" 28 28 22 20 31 23 24 26 24 27 21 25 27 30 42 31 28 22 27 26 22 17 17 26 36 19 18 19 23 21
CH362 F12.0 "093_Group93" 26 28 33 31 22 30 27 20 34 20 22 29 29 26 23 26 24 22 26 32 24 36 26 21 26 30 28 31 26 31
CH364 G12.0 "094_Group94" 35 33 5 17 28 19 22 14 27 27 32 23 21 25 21 28 33 24 26 25 19 19 24 26 13 27 23 27 26 19
CH366 H12.0 "095_Group95" 24 24 28 30 20 26 27 42 50 37 27 25 31 26 21 24 36 24 18 22 18 25 18 19 38 25 27 29 30 33
