"DATE:" "3/5/2015 5:00:19 PM"
"FILE:" "C:\Users\AndersenLab\Desktop\wmicrotracker\p00011\20150305_1559"
"SUBPROJECT:" "20150305_water_control"

"<<<<<< Group Activity: Average Activity Counts per Data Interval>>>>>>"
Group/Time[m] 2 4 6 8 10 12 14 16 18 20 22 24 26 28 30 32 34 36 38 40 42 44 46 48 50 52 54 56 58 60
"000_Group0" 12 17 18 8 14 14 12 13 15 21 16 19 13 25 20 18 17 22 25 23 21 26 23 22 32 25 24 23 22 31
"001_Group1" 12 7 13 0 8 18 6 20 15 10 22 17 10 11 20 24 22 26 18 20 25 18 15 24 27 21 24 23 23 27
"002_Group2" 23 14 20 19 22 16 21 15 10 9 11 15 12 12 12 18 23 17 14 11 25 21 22 17 20 19 23 18 18 14
"003_Group3" 14 7 10 21 23 31 20 19 20 22 15 13 15 15 18 14 21 22 16 23 32 24 23 24 14 21 20 15 26 23
"004_Group4" 30 30 35 31 26 31 23 26 13 27 18 17 22 29 27 30 23 29 29 41 27 25 22 34 28 29 22 19 17 22
"005_Group5" 12 16 29 19 13 16 12 24 12 22 22 21 9 23 27 11 21 26 18 18 19 31 30 21 19 21 16 17 37 24
"006_Group6" 24 26 19 21 28 21 19 32 22 32 22 21 18 14 11 25 35 33 19 26 17 16 24 16 17 23 16 25 16 22
"007_Group7" 34 18 24 23 18 26 27 30 30 14 14 12 13 21 19 17 21 31 25 23 19 18 26 22 19 24 23 32 29 21
"008_Group8" 21 26 24 28 31 21 24 28 33 32 35 33 29 24 24 22 21 33 21 24 17 19 12 24 16 17 23 16 22 19
"009_Group9" 32 29 27 23 31 26 34 22 11 15 19 16 20 23 36 27 16 28 19 16 19 25 12 22 15 10 24 24 18 14
"010_Group10" 22 24 41 25 20 14 15 12 16 20 32 9 12 17 31 20 23 25 16 18 22 15 20 22 16 25 27 21 19 21
"011_Group11" 27 29 26 32 34 40 30 35 15 17 16 25 17 41 36 41 30 21 22 23 29 41 25 31 35 35 32 36 24 19
"012_Group12" 28 33 25 26 26 28 26 20 17 22 25 20 17 22 26 23 17 22 23 22 20 22 21 16 15 22 16 14 22 21
"013_Group13" 30 40 32 31 27 30 28 20 21 25 25 16 22 25 20 14 22 12 25 26 22 27 30 32 20 23 21 30 26 12
"014_Group14" 21 32 26 34 36 28 28 27 32 34 29 24 22 19 26 25 17 23 22 21 33 16 19 21 23 15 14 19 23 30
"015_Group15" 13 27 29 20 16 16 29 21 20 26 30 33 24 25 26 29 20 15 23 25 27 15 20 23 19 20 23 31 26 27
"016_Group16" 36 22 21 19 11 11 12 26 18 12 20 11 13 6 11 23 16 15 14 22 30 20 26 17 15 19 20 18 29 21
"017_Group17" 36 51 42 22 39 20 20 12 17 2 9 14 16 25 20 24 35 18 28 16 35 33 33 41 41 31 38 41 39 42
"018_Group18" 46 32 33 16 16 8 16 27 1 0 2 1 0 2 18 22 25 28 40 41 38 36 37 33 34 17 19 36 31 38
"019_Group19" 29 42 37 21 31 26 23 41 24 13 12 12 11 14 15 17 8 12 20 24 20 20 20 32 24 17 30 28 25 27
"020_Group20" 42 28 35 28 14 19 6 3 10 7 1 7 8 12 11 18 22 26 18 30 39 28 34 32 19 24 16 22 22 12
"021_Group21" 31 24 11 27 1 3 5 14 12 13 17 23 30 32 32 29 30 36 37 25 34 32 28 25 18 37 26 40 27 39
"022_Group22" 37 32 10 29 24 33 36 18 14 3 0 8 11 9 11 16 8 12 9 12 28 19 29 28 32 27 18 23 30 36
"023_Group23" 15 17 23 27 42 45 35 38 42 35 14 18 17 20 20 22 27 29 38 31 34 34 24 23 23 32 36 44 27 30
"024_Group24" 36 32 29 29 9 11 23 31 29 22 15 24 22 19 14 18 21 19 23 33 23 19 22 34 18 19 18 15 16 15
"025_Group25" 30 29 37 18 27 16 19 19 13 10 20 19 22 14 15 10 17 22 21 27 23 30 21 13 21 20 18 21 26 11
"026_Group26" 31 23 29 26 30 36 41 23 15 12 17 14 23 31 39 34 26 24 21 23 21 28 26 24 29 24 22 21 19 23
"027_Group27" 21 27 29 33 36 25 29 21 27 27 25 13 22 31 35 31 27 23 33 26 27 22 23 35 33 38 31 20 21 13
"028_Group28" 17 31 30 38 26 29 34 21 27 12 15 15 16 21 22 15 20 25 29 20 21 18 7 19 16 20 19 20 12 20
"029_Group29" 38 34 28 28 24 20 33 30 31 20 17 11 19 15 24 28 14 14 13 15 26 14 17 23 21 18 17 15 16 14
"030_Group30" 34 31 31 24 21 30 26 36 26 28 22 29 17 16 12 18 17 27 23 33 20 26 19 22 20 20 30 28 31 27
"031_Group31" 9 25 36 23 35 20 7 10 24 22 19 22 23 20 16 32 30 31 21 30 22 18 17 26 21 18 18 19 22 17
"032_Group32" 35 13 37 28 39 37 30 31 29 21 22 21 9 30 39 42 47 26 28 25 20 27 27 26 27 22 39 27 26 31
"033_Group33" 28 31 32 33 26 35 21 15 1 12 13 5 18 11 13 14 17 15 27 18 33 27 26 19 24 29 37 36 38 24
"034_Group34" 49 32 22 31 17 2 2 6 2 3 5 1 2 13 16 21 1 22 31 21 15 12 23 42 30 26 29 33 21 31
"035_Group35" 16 36 32 22 33 17 8 5 10 12 12 24 26 25 15 25 24 31 21 28 24 30 29 28 25 26 36 29 29 18
"036_Group36" 36 32 30 10 19 9 8 8 7 22 25 13 15 19 32 26 33 25 27 37 30 26 20 25 20 24 30 30 32 26
"037_Group37" 22 35 35 32 11 4 11 9 16 10 6 13 14 18 21 25 23 18 25 6 25 21 24 18 16 20 13 18 25 30
"038_Group38" 37 33 15 10 39 32 45 17 19 28 24 2 6 13 31 27 38 42 38 35 31 44 36 36 34 34 43 31 31 26
"039_Group39" 28 7 4 28 24 45 41 34 27 34 21 24 17 15 16 27 16 20 25 26 29 43 32 30 27 26 24 30 22 28
"040_Group40" 42 30 35 27 11 14 3 5 6 1 3 1 0 5 1 6 16 13 19 18 26 25 12 22 12 27 25 28 21 22
"041_Group41" 41 16 10 20 14 2 11 17 13 3 5 0 0 10 17 15 8 14 16 19 32 36 28 26 31 24 28 27 29 23
"042_Group42" 17 20 4 13 16 16 15 16 8 16 17 19 29 14 21 25 14 19 23 23 30 22 18 22 29 28 17 20 19 19
"043_Group43" 28 13 25 14 5 19 17 16 21 19 16 20 20 13 13 16 19 19 17 17 25 25 17 19 15 20 23 20 21 24
"044_Group44" 26 19 4 17 22 22 5 8 9 11 14 18 13 14 10 14 20 19 8 9 29 14 16 40 34 38 28 21 23 18
"045_Group45" 39 22 20 23 11 2 6 16 23 19 12 21 6 13 16 21 17 17 30 27 20 23 24 30 29 23 17 27 29 21
"046_Group46" 29 42 38 4 8 12 18 18 32 20 23 16 21 22 10 12 22 21 21 22 20 21 15 20 26 33 25 21 34 21
"047_Group47" 18 20 34 31 32 24 31 29 26 22 29 29 26 23 27 21 32 22 28 29 32 37 23 17 26 18 30 28 31 20
"048_Group48" 18 21 18 14 18 28 13 8 6 13 5 2 7 0 0 0 2 15 21 27 33 21 22 34 30 28 30 28 21 27
"049_Group49" 42 45 42 28 10 9 20 12 8 10 12 12 19 24 30 29 34 29 22 23 25 19 22 14 17 37 30 26 25 20
"050_Group50" 33 34 38 32 21 16 14 16 15 23 22 20 15 20 25 18 16 11 15 16 33 21 18 22 26 30 24 16 16 21
"051_Group51" 9 15 20 25 28 27 19 22 23 19 10 17 23 14 21 31 20 19 21 19 28 23 22 15 25 20 23 31 34 25
"052_Group52" 17 0 0 7 15 13 4 10 2 5 2 5 0 3 11 4 8 12 19 19 18 20 15 14 29 33 20 27 17 19
"053_Group53" 20 24 27 23 22 16 15 20 21 22 25 25 23 14 22 19 23 21 18 14 21 26 20 22 20 29 26 28 29 20
"054_Group54" 29 27 23 17 19 24 21 25 27 17 10 16 18 14 16 16 20 21 20 40 30 20 17 28 32 25 25 21 26 31
"055_Group55" 17 27 26 14 21 5 25 27 16 10 17 12 21 30 21 13 19 19 16 30 29 23 30 29 23 29 30 21 24 27
"056_Group56" 29 33 27 30 35 25 14 22 27 33 29 33 21 28 32 40 44 37 35 39 34 34 33 30 25 18 24 27 20 19
"057_Group57" 21 28 19 25 22 21 22 26 23 17 14 13 19 21 22 13 9 9 21 20 20 17 23 19 23 25 24 21 16 24
"058_Group58" 32 22 44 33 23 27 17 16 29 22 32 24 35 25 12 20 15 22 11 26 28 24 33 27 17 35 24 15 31 21
"059_Group59" 17 32 30 31 23 27 26 26 23 21 28 25 22 19 30 22 24 27 24 21 27 13 24 22 21 18 22 27 16 24
"060_Group60" 21 25 31 27 18 22 32 18 17 16 24 18 18 18 12 14 18 21 16 18 25 17 17 16 25 24 15 22 19 16
"061_Group61" 33 25 29 26 34 25 26 22 19 22 24 31 19 26 28 23 21 21 21 19 19 20 24 20 19 26 21 19 23 24
"062_Group62" 25 32 35 28 31 38 35 31 31 39 37 31 19 21 15 28 20 26 27 27 32 18 21 15 22 19 22 28 25 21
"063_Group63" 11 32 18 30 31 29 28 23 21 21 15 12 20 22 15 23 22 28 31 37 30 27 40 30 23 29 23 20 24 21
"064_Group64" 28 35 30 24 2 11 4 9 16 13 8 20 22 20 38 28 26 32 25 30 25 20 30 21 23 23 15 17 20 15
"065_Group65" 20 40 26 22 13 19 6 2 4 5 0 1 7 7 16 4 7 12 12 15 14 18 25 20 21 34 26 24 32 20
"066_Group66" 27 30 26 25 17 14 6 25 12 18 15 6 5 8 8 17 13 15 29 22 30 17 22 23 27 19 12 32 21 17
"067_Group67" 18 5 8 23 18 16 30 17 10 18 27 16 23 12 19 18 25 18 13 14 14 15 20 19 28 32 26 22 16 14
"068_Group68" 27 26 34 30 9 9 13 14 22 15 7 14 14 15 23 26 27 15 14 20 19 34 23 24 28 26 34 23 25 17
"069_Group69" 38 32 21 10 6 17 17 11 12 16 14 16 18 19 20 21 19 18 28 14 22 23 20 16 31 29 30 21 23 21
"070_Group70" 23 13 11 13 6 15 15 12 14 12 23 29 20 22 19 17 18 17 15 23 21 25 16 19 24 28 27 17 15 21
"071_Group71" 22 12 25 24 27 17 19 33 19 12 20 17 18 10 21 25 21 26 28 14 33 29 17 15 19 25 23 23 23 22
"072_Group72" 38 33 37 30 15 25 22 13 12 19 5 14 9 12 14 29 55 40 33 37 29 48 43 41 35 41 45 19 31 27
"073_Group73" 35 30 36 25 24 10 24 19 6 3 7 11 21 24 32 25 35 22 18 27 23 30 16 36 19 27 29 34 31 19
"074_Group74" 32 28 35 37 15 13 30 24 25 16 10 9 17 25 8 9 9 10 11 25 34 29 24 22 30 23 20 23 21 28
"075_Group75" 25 39 47 28 20 10 5 22 2 15 20 19 20 24 25 10 18 19 29 34 36 38 38 36 35 39 29 24 28 22
"076_Group76" 45 27 33 23 13 12 12 19 16 4 14 10 21 33 33 45 31 30 35 27 30 24 32 25 28 13 23 22 19 18
"077_Group77" 33 30 24 24 12 28 25 8 7 18 27 32 27 19 24 22 14 32 24 27 25 33 42 29 37 30 26 21 25 31
"078_Group78" 36 28 14 16 20 12 25 31 15 12 10 24 17 12 12 14 24 38 43 43 32 23 34 32 36 33 31 35 33 27
"079_Group79" 19 36 28 25 23 11 3 5 2 13 12 7 6 13 14 16 16 14 19 20 33 30 31 40 29 41 21 40 47 17
"080_Group80" 31 10 18 17 23 24 27 18 21 7 13 18 32 28 31 19 23 29 34 28 26 20 24 16 28 30 20 28 34 17
"081_Group81" 29 20 30 27 37 23 17 26 17 17 17 16 21 21 37 13 16 11 14 19 12 18 29 23 18 21 27 20 24 28
"082_Group82" 27 24 22 24 16 16 24 29 24 23 13 11 16 32 26 19 27 15 16 19 15 19 22 28 23 27 34 30 23 13
"083_Group83" 24 23 24 22 16 11 15 12 15 15 15 16 21 16 7 37 20 12 22 17 22 18 18 18 24 17 15 18 20 18
"084_Group84" 29 30 33 17 22 20 14 14 5 19 17 13 16 20 21 15 17 18 12 14 13 22 18 17 23 21 31 22 12 27
"085_Group85" 33 26 27 22 19 21 21 18 26 25 15 29 26 15 18 19 14 17 14 15 26 19 17 15 15 27 21 18 17 18
"086_Group86" 30 21 11 14 15 27 9 20 23 17 32 32 16 19 9 1 27 31 21 13 15 27 25 19 19 25 31 20 28 19
"087_Group87" 15 18 19 17 18 12 15 13 8 14 24 17 8 20 20 33 23 14 26 27 20 27 27 15 19 14 19 18 18 16
"088_Group88" 19 23 17 15 21 26 25 19 15 22 15 19 20 23 21 28 24 19 16 23 13 20 22 16 22 22 30 24 20 18
"089_Group89" 14 25 28 31 18 22 15 23 20 24 21 24 17 23 16 22 19 20 21 26 24 21 18 22 24 34 24 17 27 23
"090_Group90" 22 20 23 19 26 13 15 18 12 8 13 13 17 25 20 19 26 25 27 37 20 16 20 26 17 20 29 26 30 25
"091_Group91" 29 25 25 30 40 26 17 25 23 25 29 20 15 32 20 29 31 33 24 41 29 31 30 28 21 25 20 24 30 30
"092_Group92" 32 26 30 27 25 26 26 31 18 23 5 4 6 16 25 36 40 44 28 26 28 35 35 30 28 30 28 23 22 17
"093_Group93" 28 31 29 23 8 18 19 33 24 21 17 30 38 29 10 21 18 25 34 38 29 37 29 20 31 26 14 24 23 29
"094_Group94" 35 28 23 35 37 30 26 24 25 18 27 29 20 19 25 36 21 19 23 23 31 31 29 20 22 16 27 24 18 14
"095_Group95" 29 37 20 20 13 27 40 21 28 13 23 33 20 19 21 25 25 28 14 11 17 21 40 31 28 30 33 16 16 22

"<<<<<< Group Activity: Number of wells/group >>>>>>"
Group/Time[m] 2 4 6 8 10 12 14 16 18 20 22 24 26 28 30 32 34 36 38 40 42 44 46 48 50 52 54 56 58 60
"000_Group0" 1 1 1 1 1 1 1 1 1 1 1 1 1 1 1 1 1 1 1 1 1 1 1 1 1 1 1 1 1 1
"001_Group1" 1 1 1 1 1 1 1 1 1 1 1 1 1 1 1 1 1 1 1 1 1 1 1 1 1 1 1 1 1 1
"002_Group2" 1 1 1 1 1 1 1 1 1 1 1 1 1 1 1 1 1 1 1 1 1 1 1 1 1 1 1 1 1 1
"003_Group3" 1 1 1 1 1 1 1 1 1 1 1 1 1 1 1 1 1 1 1 1 1 1 1 1 1 1 1 1 1 1
"004_Group4" 1 1 1 1 1 1 1 1 1 1 1 1 1 1 1 1 1 1 1 1 1 1 1 1 1 1 1 1 1 1
"005_Group5" 1 1 1 1 1 1 1 1 1 1 1 1 1 1 1 1 1 1 1 1 1 1 1 1 1 1 1 1 1 1
"006_Group6" 1 1 1 1 1 1 1 1 1 1 1 1 1 1 1 1 1 1 1 1 1 1 1 1 1 1 1 1 1 1
"007_Group7" 1 1 1 1 1 1 1 1 1 1 1 1 1 1 1 1 1 1 1 1 1 1 1 1 1 1 1 1 1 1
"008_Group8" 1 1 1 1 1 1 1 1 1 1 1 1 1 1 1 1 1 1 1 1 1 1 1 1 1 1 1 1 1 1
"009_Group9" 1 1 1 1 1 1 1 1 1 1 1 1 1 1 1 1 1 1 1 1 1 1 1 1 1 1 1 1 1 1
"010_Group10" 1 1 1 1 1 1 1 1 1 1 1 1 1 1 1 1 1 1 1 1 1 1 1 1 1 1 1 1 1 1
"011_Group11" 1 1 1 1 1 1 1 1 1 1 1 1 1 1 1 1 1 1 1 1 1 1 1 1 1 1 1 1 1 1
"012_Group12" 1 1 1 1 1 1 1 1 1 1 1 1 1 1 1 1 1 1 1 1 1 1 1 1 1 1 1 1 1 1
"013_Group13" 1 1 1 1 1 1 1 1 1 1 1 1 1 1 1 1 1 1 1 1 1 1 1 1 1 1 1 1 1 1
"014_Group14" 1 1 1 1 1 1 1 1 1 1 1 1 1 1 1 1 1 1 1 1 1 1 1 1 1 1 1 1 1 1
"015_Group15" 1 1 1 1 1 1 1 1 1 1 1 1 1 1 1 1 1 1 1 1 1 1 1 1 1 1 1 1 1 1
"016_Group16" 1 1 1 1 1 1 1 1 1 1 1 1 1 1 1 1 1 1 1 1 1 1 1 1 1 1 1 1 1 1
"017_Group17" 1 1 1 1 1 1 1 1 1 1 1 1 1 1 1 1 1 1 1 1 1 1 1 1 1 1 1 1 1 1
"018_Group18" 1 1 1 1 1 1 1 1 1 1 1 1 1 1 1 1 1 1 1 1 1 1 1 1 1 1 1 1 1 1
"019_Group19" 1 1 1 1 1 1 1 1 1 1 1 1 1 1 1 1 1 1 1 1 1 1 1 1 1 1 1 1 1 1
"020_Group20" 1 1 1 1 1 1 1 1 1 1 1 1 1 1 1 1 1 1 1 1 1 1 1 1 1 1 1 1 1 1
"021_Group21" 1 1 1 1 1 1 1 1 1 1 1 1 1 1 1 1 1 1 1 1 1 1 1 1 1 1 1 1 1 1
"022_Group22" 1 1 1 1 1 1 1 1 1 1 1 1 1 1 1 1 1 1 1 1 1 1 1 1 1 1 1 1 1 1
"023_Group23" 1 1 1 1 1 1 1 1 1 1 1 1 1 1 1 1 1 1 1 1 1 1 1 1 1 1 1 1 1 1
"024_Group24" 1 1 1 1 1 1 1 1 1 1 1 1 1 1 1 1 1 1 1 1 1 1 1 1 1 1 1 1 1 1
"025_Group25" 1 1 1 1 1 1 1 1 1 1 1 1 1 1 1 1 1 1 1 1 1 1 1 1 1 1 1 1 1 1
"026_Group26" 1 1 1 1 1 1 1 1 1 1 1 1 1 1 1 1 1 1 1 1 1 1 1 1 1 1 1 1 1 1
"027_Group27" 1 1 1 1 1 1 1 1 1 1 1 1 1 1 1 1 1 1 1 1 1 1 1 1 1 1 1 1 1 1
"028_Group28" 1 1 1 1 1 1 1 1 1 1 1 1 1 1 1 1 1 1 1 1 1 1 1 1 1 1 1 1 1 1
"029_Group29" 1 1 1 1 1 1 1 1 1 1 1 1 1 1 1 1 1 1 1 1 1 1 1 1 1 1 1 1 1 1
"030_Group30" 1 1 1 1 1 1 1 1 1 1 1 1 1 1 1 1 1 1 1 1 1 1 1 1 1 1 1 1 1 1
"031_Group31" 1 1 1 1 1 1 1 1 1 1 1 1 1 1 1 1 1 1 1 1 1 1 1 1 1 1 1 1 1 1
"032_Group32" 1 1 1 1 1 1 1 1 1 1 1 1 1 1 1 1 1 1 1 1 1 1 1 1 1 1 1 1 1 1
"033_Group33" 1 1 1 1 1 1 1 1 1 1 1 1 1 1 1 1 1 1 1 1 1 1 1 1 1 1 1 1 1 1
"034_Group34" 1 1 1 1 1 1 1 1 1 1 1 1 1 1 1 1 1 1 1 1 1 1 1 1 1 1 1 1 1 1
"035_Group35" 1 1 1 1 1 1 1 1 1 1 1 1 1 1 1 1 1 1 1 1 1 1 1 1 1 1 1 1 1 1
"036_Group36" 1 1 1 1 1 1 1 1 1 1 1 1 1 1 1 1 1 1 1 1 1 1 1 1 1 1 1 1 1 1
"037_Group37" 1 1 1 1 1 1 1 1 1 1 1 1 1 1 1 1 1 1 1 1 1 1 1 1 1 1 1 1 1 1
"038_Group38" 1 1 1 1 1 1 1 1 1 1 1 1 1 1 1 1 1 1 1 1 1 1 1 1 1 1 1 1 1 1
"039_Group39" 1 1 1 1 1 1 1 1 1 1 1 1 1 1 1 1 1 1 1 1 1 1 1 1 1 1 1 1 1 1
"040_Group40" 1 1 1 1 1 1 1 1 1 1 1 1 1 1 1 1 1 1 1 1 1 1 1 1 1 1 1 1 1 1
"041_Group41" 1 1 1 1 1 1 1 1 1 1 1 1 1 1 1 1 1 1 1 1 1 1 1 1 1 1 1 1 1 1
"042_Group42" 1 1 1 1 1 1 1 1 1 1 1 1 1 1 1 1 1 1 1 1 1 1 1 1 1 1 1 1 1 1
"043_Group43" 1 1 1 1 1 1 1 1 1 1 1 1 1 1 1 1 1 1 1 1 1 1 1 1 1 1 1 1 1 1
"044_Group44" 1 1 1 1 1 1 1 1 1 1 1 1 1 1 1 1 1 1 1 1 1 1 1 1 1 1 1 1 1 1
"045_Group45" 1 1 1 1 1 1 1 1 1 1 1 1 1 1 1 1 1 1 1 1 1 1 1 1 1 1 1 1 1 1
"046_Group46" 1 1 1 1 1 1 1 1 1 1 1 1 1 1 1 1 1 1 1 1 1 1 1 1 1 1 1 1 1 1
"047_Group47" 1 1 1 1 1 1 1 1 1 1 1 1 1 1 1 1 1 1 1 1 1 1 1 1 1 1 1 1 1 1
"048_Group48" 1 1 1 1 1 1 1 1 1 1 1 1 1 1 1 1 1 1 1 1 1 1 1 1 1 1 1 1 1 1
"049_Group49" 1 1 1 1 1 1 1 1 1 1 1 1 1 1 1 1 1 1 1 1 1 1 1 1 1 1 1 1 1 1
"050_Group50" 1 1 1 1 1 1 1 1 1 1 1 1 1 1 1 1 1 1 1 1 1 1 1 1 1 1 1 1 1 1
"051_Group51" 1 1 1 1 1 1 1 1 1 1 1 1 1 1 1 1 1 1 1 1 1 1 1 1 1 1 1 1 1 1
"052_Group52" 1 1 1 1 1 1 1 1 1 1 1 1 1 1 1 1 1 1 1 1 1 1 1 1 1 1 1 1 1 1
"053_Group53" 1 1 1 1 1 1 1 1 1 1 1 1 1 1 1 1 1 1 1 1 1 1 1 1 1 1 1 1 1 1
"054_Group54" 1 1 1 1 1 1 1 1 1 1 1 1 1 1 1 1 1 1 1 1 1 1 1 1 1 1 1 1 1 1
"055_Group55" 1 1 1 1 1 1 1 1 1 1 1 1 1 1 1 1 1 1 1 1 1 1 1 1 1 1 1 1 1 1
"056_Group56" 1 1 1 1 1 1 1 1 1 1 1 1 1 1 1 1 1 1 1 1 1 1 1 1 1 1 1 1 1 1
"057_Group57" 1 1 1 1 1 1 1 1 1 1 1 1 1 1 1 1 1 1 1 1 1 1 1 1 1 1 1 1 1 1
"058_Group58" 1 1 1 1 1 1 1 1 1 1 1 1 1 1 1 1 1 1 1 1 1 1 1 1 1 1 1 1 1 1
"059_Group59" 1 1 1 1 1 1 1 1 1 1 1 1 1 1 1 1 1 1 1 1 1 1 1 1 1 1 1 1 1 1
"060_Group60" 1 1 1 1 1 1 1 1 1 1 1 1 1 1 1 1 1 1 1 1 1 1 1 1 1 1 1 1 1 1
"061_Group61" 1 1 1 1 1 1 1 1 1 1 1 1 1 1 1 1 1 1 1 1 1 1 1 1 1 1 1 1 1 1
"062_Group62" 1 1 1 1 1 1 1 1 1 1 1 1 1 1 1 1 1 1 1 1 1 1 1 1 1 1 1 1 1 1
"063_Group63" 1 1 1 1 1 1 1 1 1 1 1 1 1 1 1 1 1 1 1 1 1 1 1 1 1 1 1 1 1 1
"064_Group64" 1 1 1 1 1 1 1 1 1 1 1 1 1 1 1 1 1 1 1 1 1 1 1 1 1 1 1 1 1 1
"065_Group65" 1 1 1 1 1 1 1 1 1 1 1 1 1 1 1 1 1 1 1 1 1 1 1 1 1 1 1 1 1 1
"066_Group66" 1 1 1 1 1 1 1 1 1 1 1 1 1 1 1 1 1 1 1 1 1 1 1 1 1 1 1 1 1 1
"067_Group67" 1 1 1 1 1 1 1 1 1 1 1 1 1 1 1 1 1 1 1 1 1 1 1 1 1 1 1 1 1 1
"068_Group68" 1 1 1 1 1 1 1 1 1 1 1 1 1 1 1 1 1 1 1 1 1 1 1 1 1 1 1 1 1 1
"069_Group69" 1 1 1 1 1 1 1 1 1 1 1 1 1 1 1 1 1 1 1 1 1 1 1 1 1 1 1 1 1 1
"070_Group70" 1 1 1 1 1 1 1 1 1 1 1 1 1 1 1 1 1 1 1 1 1 1 1 1 1 1 1 1 1 1
"071_Group71" 1 1 1 1 1 1 1 1 1 1 1 1 1 1 1 1 1 1 1 1 1 1 1 1 1 1 1 1 1 1
"072_Group72" 1 1 1 1 1 1 1 1 1 1 1 1 1 1 1 1 1 1 1 1 1 1 1 1 1 1 1 1 1 1
"073_Group73" 1 1 1 1 1 1 1 1 1 1 1 1 1 1 1 1 1 1 1 1 1 1 1 1 1 1 1 1 1 1
"074_Group74" 1 1 1 1 1 1 1 1 1 1 1 1 1 1 1 1 1 1 1 1 1 1 1 1 1 1 1 1 1 1
"075_Group75" 1 1 1 1 1 1 1 1 1 1 1 1 1 1 1 1 1 1 1 1 1 1 1 1 1 1 1 1 1 1
"076_Group76" 1 1 1 1 1 1 1 1 1 1 1 1 1 1 1 1 1 1 1 1 1 1 1 1 1 1 1 1 1 1
"077_Group77" 1 1 1 1 1 1 1 1 1 1 1 1 1 1 1 1 1 1 1 1 1 1 1 1 1 1 1 1 1 1
"078_Group78" 1 1 1 1 1 1 1 1 1 1 1 1 1 1 1 1 1 1 1 1 1 1 1 1 1 1 1 1 1 1
"079_Group79" 1 1 1 1 1 1 1 1 1 1 1 1 1 1 1 1 1 1 1 1 1 1 1 1 1 1 1 1 1 1
"080_Group80" 1 1 1 1 1 1 1 1 1 1 1 1 1 1 1 1 1 1 1 1 1 1 1 1 1 1 1 1 1 1
"081_Group81" 1 1 1 1 1 1 1 1 1 1 1 1 1 1 1 1 1 1 1 1 1 1 1 1 1 1 1 1 1 1
"082_Group82" 1 1 1 1 1 1 1 1 1 1 1 1 1 1 1 1 1 1 1 1 1 1 1 1 1 1 1 1 1 1
"083_Group83" 1 1 1 1 1 1 1 1 1 1 1 1 1 1 1 1 1 1 1 1 1 1 1 1 1 1 1 1 1 1
"084_Group84" 1 1 1 1 1 1 1 1 1 1 1 1 1 1 1 1 1 1 1 1 1 1 1 1 1 1 1 1 1 1
"085_Group85" 1 1 1 1 1 1 1 1 1 1 1 1 1 1 1 1 1 1 1 1 1 1 1 1 1 1 1 1 1 1
"086_Group86" 1 1 1 1 1 1 1 1 1 1 1 1 1 1 1 1 1 1 1 1 1 1 1 1 1 1 1 1 1 1
"087_Group87" 1 1 1 1 1 1 1 1 1 1 1 1 1 1 1 1 1 1 1 1 1 1 1 1 1 1 1 1 1 1
"088_Group88" 1 1 1 1 1 1 1 1 1 1 1 1 1 1 1 1 1 1 1 1 1 1 1 1 1 1 1 1 1 1
"089_Group89" 1 1 1 1 1 1 1 1 1 1 1 1 1 1 1 1 1 1 1 1 1 1 1 1 1 1 1 1 1 1
"090_Group90" 1 1 1 1 1 1 1 1 1 1 1 1 1 1 1 1 1 1 1 1 1 1 1 1 1 1 1 1 1 1
"091_Group91" 1 1 1 1 1 1 1 1 1 1 1 1 1 1 1 1 1 1 1 1 1 1 1 1 1 1 1 1 1 1
"092_Group92" 1 1 1 1 1 1 1 1 1 1 1 1 1 1 1 1 1 1 1 1 1 1 1 1 1 1 1 1 1 1
"093_Group93" 1 1 1 1 1 1 1 1 1 1 1 1 1 1 1 1 1 1 1 1 1 1 1 1 1 1 1 1 1 1
"094_Group94" 1 1 1 1 1 1 1 1 1 1 1 1 1 1 1 1 1 1 1 1 1 1 1 1 1 1 1 1 1 1
"095_Group95" 1 1 1 1 1 1 1 1 1 1 1 1 1 1 1 1 1 1 1 1 1 1 1 1 1 1 1 1 1 1

"<<<<<< Number of Samples per Acquisition Interval [1unit=500values] >>>>>>"
Time[m] 2 4 6 8 10 12 14 16 18 20 22 24 26 28 30 32 34 36 38 40 42 44 46 48 50 52 54 56 58 60 
#Samples 2 2 2 2 2 2 2 2 2 2 2 2 2 2 2 2 2 2 2 2 2 2 2 2 2 2 2 2 2 2 

"<<<<<< Average Temperature [°C] >>>>>>"
Time[m] 2 4 6 8 10 12 14 16 18 20 22 24 26 28 30 32 34 36 38 40 42 44 46 48 50 52 54 56 58 60 
Temp[°C] 20.9 20.9 20.9 20.9 20.9 20.9 20.9 20.9 20.9 20.9 20.9 20.9 20.9 20.9 20.9 20.9 20.9 20.9 20.9 20.9 20.9 20.9 20.9 20.9 20.9 20.9 20.9 20.9 20.9 20.7 

"<<<<<< Well Activity >>>>>>"
Well Group/Time[m] 2 4 6 8 10 12 14 16 18 20 22 24 26 28 30 32 34 36 38 40 42 44 46 48 50 52 54 56 58 60
A1 "000_Group0" 12 17 18 8 14 14 12 13 15 21 16 19 13 25 20 18 17 22 25 23 21 26 23 22 32 25 24 23 22 31
B1 "001_Group1" 12 7 13 0 8 18 6 20 15 10 22 17 10 11 20 24 22 26 18 20 25 18 15 24 27 21 24 23 23 27
C1 "002_Group2" 23 14 20 19 22 16 21 15 10 9 11 15 12 12 12 18 23 17 14 11 25 21 22 17 20 19 23 18 18 14
D1 "003_Group3" 14 7 10 21 23 31 20 19 20 22 15 13 15 15 18 14 21 22 16 23 32 24 23 24 14 21 20 15 26 23
E1 "004_Group4" 30 30 35 31 26 31 23 26 13 27 18 17 22 29 27 30 23 29 29 41 27 25 22 34 28 29 22 19 17 22
F1 "005_Group5" 12 16 29 19 13 16 12 24 12 22 22 21 9 23 27 11 21 26 18 18 19 31 30 21 19 21 16 17 37 24
G1 "006_Group6" 24 26 19 21 28 21 19 32 22 32 22 21 18 14 11 25 35 33 19 26 17 16 24 16 17 23 16 25 16 22
H1 "007_Group7" 34 18 24 23 18 26 27 30 30 14 14 12 13 21 19 17 21 31 25 23 19 18 26 22 19 24 23 32 29 21
A2 "008_Group8" 21 26 24 28 31 21 24 28 33 32 35 33 29 24 24 22 21 33 21 24 17 19 12 24 16 17 23 16 22 19
B2 "009_Group9" 32 29 27 23 31 26 34 22 11 15 19 16 20 23 36 27 16 28 19 16 19 25 12 22 15 10 24 24 18 14
C2 "010_Group10" 22 24 41 25 20 14 15 12 16 20 32 9 12 17 31 20 23 25 16 18 22 15 20 22 16 25 27 21 19 21
D2 "011_Group11" 27 29 26 32 34 40 30 35 15 17 16 25 17 41 36 41 30 21 22 23 29 41 25 31 35 35 32 36 24 19
E2 "012_Group12" 28 33 25 26 26 28 26 20 17 22 25 20 17 22 26 23 17 22 23 22 20 22 21 16 15 22 16 14 22 21
F2 "013_Group13" 30 40 32 31 27 30 28 20 21 25 25 16 22 25 20 14 22 12 25 26 22 27 30 32 20 23 21 30 26 12
G2 "014_Group14" 21 32 26 34 36 28 28 27 32 34 29 24 22 19 26 25 17 23 22 21 33 16 19 21 23 15 14 19 23 30
H2 "015_Group15" 13 27 29 20 16 16 29 21 20 26 30 33 24 25 26 29 20 15 23 25 27 15 20 23 19 20 23 31 26 27
A3 "016_Group16" 36 22 21 19 11 11 12 26 18 12 20 11 13 6 11 23 16 15 14 22 30 20 26 17 15 19 20 18 29 21
B3 "017_Group17" 36 51 42 22 39 20 20 12 17 2 9 14 16 25 20 24 35 18 28 16 35 33 33 41 41 31 38 41 39 42
C3 "018_Group18" 46 32 33 16 16 8 16 27 1 0 2 1 0 2 18 22 25 28 40 41 38 36 37 33 34 17 19 36 31 38
D3 "019_Group19" 29 42 37 21 31 26 23 41 24 13 12 12 11 14 15 17 8 12 20 24 20 20 20 32 24 17 30 28 25 27
E3 "020_Group20" 42 28 35 28 14 19 6 3 10 7 1 7 8 12 11 18 22 26 18 30 39 28 34 32 19 24 16 22 22 12
F3 "021_Group21" 31 24 11 27 1 3 5 14 12 13 17 23 30 32 32 29 30 36 37 25 34 32 28 25 18 37 26 40 27 39
G3 "022_Group22" 37 32 10 29 24 33 36 18 14 3 0 8 11 9 11 16 8 12 9 12 28 19 29 28 32 27 18 23 30 36
H3 "023_Group23" 15 17 23 27 42 45 35 38 42 35 14 18 17 20 20 22 27 29 38 31 34 34 24 23 23 32 36 44 27 30
A4 "024_Group24" 36 32 29 29 9 11 23 31 29 22 15 24 22 19 14 18 21 19 23 33 23 19 22 34 18 19 18 15 16 15
B4 "025_Group25" 30 29 37 18 27 16 19 19 13 10 20 19 22 14 15 10 17 22 21 27 23 30 21 13 21 20 18 21 26 11
C4 "026_Group26" 31 23 29 26 30 36 41 23 15 12 17 14 23 31 39 34 26 24 21 23 21 28 26 24 29 24 22 21 19 23
D4 "027_Group27" 21 27 29 33 36 25 29 21 27 27 25 13 22 31 35 31 27 23 33 26 27 22 23 35 33 38 31 20 21 13
E4 "028_Group28" 17 31 30 38 26 29 34 21 27 12 15 15 16 21 22 15 20 25 29 20 21 18 7 19 16 20 19 20 12 20
F4 "029_Group29" 38 34 28 28 24 20 33 30 31 20 17 11 19 15 24 28 14 14 13 15 26 14 17 23 21 18 17 15 16 14
G4 "030_Group30" 34 31 31 24 21 30 26 36 26 28 22 29 17 16 12 18 17 27 23 33 20 26 19 22 20 20 30 28 31 27
H4 "031_Group31" 9 25 36 23 35 20 7 10 24 22 19 22 23 20 16 32 30 31 21 30 22 18 17 26 21 18 18 19 22 17
A5 "032_Group32" 35 13 37 28 39 37 30 31 29 21 22 21 9 30 39 42 47 26 28 25 20 27 27 26 27 22 39 27 26 31
B5 "033_Group33" 28 31 32 33 26 35 21 15 1 12 13 5 18 11 13 14 17 15 27 18 33 27 26 19 24 29 37 36 38 24
C5 "034_Group34" 49 32 22 31 17 2 2 6 2 3 5 1 2 13 16 21 1 22 31 21 15 12 23 42 30 26 29 33 21 31
D5 "035_Group35" 16 36 32 22 33 17 8 5 10 12 12 24 26 25 15 25 24 31 21 28 24 30 29 28 25 26 36 29 29 18
E5 "036_Group36" 36 32 30 10 19 9 8 8 7 22 25 13 15 19 32 26 33 25 27 37 30 26 20 25 20 24 30 30 32 26
F5 "037_Group37" 22 35 35 32 11 4 11 9 16 10 6 13 14 18 21 25 23 18 25 6 25 21 24 18 16 20 13 18 25 30
G5 "038_Group38" 37 33 15 10 39 32 45 17 19 28 24 2 6 13 31 27 38 42 38 35 31 44 36 36 34 34 43 31 31 26
H5 "039_Group39" 28 7 4 28 24 45 41 34 27 34 21 24 17 15 16 27 16 20 25 26 29 43 32 30 27 26 24 30 22 28
A6 "040_Group40" 42 30 35 27 11 14 3 5 6 1 3 1 0 5 1 6 16 13 19 18 26 25 12 22 12 27 25 28 21 22
B6 "041_Group41" 41 16 10 20 14 2 11 17 13 3 5 0 0 10 17 15 8 14 16 19 32 36 28 26 31 24 28 27 29 23
C6 "042_Group42" 17 20 4 13 16 16 15 16 8 16 17 19 29 14 21 25 14 19 23 23 30 22 18 22 29 28 17 20 19 19
D6 "043_Group43" 28 13 25 14 5 19 17 16 21 19 16 20 20 13 13 16 19 19 17 17 25 25 17 19 15 20 23 20 21 24
E6 "044_Group44" 26 19 4 17 22 22 5 8 9 11 14 18 13 14 10 14 20 19 8 9 29 14 16 40 34 38 28 21 23 18
F6 "045_Group45" 39 22 20 23 11 2 6 16 23 19 12 21 6 13 16 21 17 17 30 27 20 23 24 30 29 23 17 27 29 21
G6 "046_Group46" 29 42 38 4 8 12 18 18 32 20 23 16 21 22 10 12 22 21 21 22 20 21 15 20 26 33 25 21 34 21
H6 "047_Group47" 18 20 34 31 32 24 31 29 26 22 29 29 26 23 27 21 32 22 28 29 32 37 23 17 26 18 30 28 31 20
A7 "048_Group48" 18 21 18 14 18 28 13 8 6 13 5 2 7 0 0 0 2 15 21 27 33 21 22 34 30 28 30 28 21 27
B7 "049_Group49" 42 45 42 28 10 9 20 12 8 10 12 12 19 24 30 29 34 29 22 23 25 19 22 14 17 37 30 26 25 20
C7 "050_Group50" 33 34 38 32 21 16 14 16 15 23 22 20 15 20 25 18 16 11 15 16 33 21 18 22 26 30 24 16 16 21
D7 "051_Group51" 9 15 20 25 28 27 19 22 23 19 10 17 23 14 21 31 20 19 21 19 28 23 22 15 25 20 23 31 34 25
E7 "052_Group52" 17 0 0 7 15 13 4 10 2 5 2 5 0 3 11 4 8 12 19 19 18 20 15 14 29 33 20 27 17 19
F7 "053_Group53" 20 24 27 23 22 16 15 20 21 22 25 25 23 14 22 19 23 21 18 14 21 26 20 22 20 29 26 28 29 20
G7 "054_Group54" 29 27 23 17 19 24 21 25 27 17 10 16 18 14 16 16 20 21 20 40 30 20 17 28 32 25 25 21 26 31
H7 "055_Group55" 17 27 26 14 21 5 25 27 16 10 17 12 21 30 21 13 19 19 16 30 29 23 30 29 23 29 30 21 24 27
A8 "056_Group56" 29 33 27 30 35 25 14 22 27 33 29 33 21 28 32 40 44 37 35 39 34 34 33 30 25 18 24 27 20 19
B8 "057_Group57" 21 28 19 25 22 21 22 26 23 17 14 13 19 21 22 13 9 9 21 20 20 17 23 19 23 25 24 21 16 24
C8 "058_Group58" 32 22 44 33 23 27 17 16 29 22 32 24 35 25 12 20 15 22 11 26 28 24 33 27 17 35 24 15 31 21
D8 "059_Group59" 17 32 30 31 23 27 26 26 23 21 28 25 22 19 30 22 24 27 24 21 27 13 24 22 21 18 22 27 16 24
E8 "060_Group60" 21 25 31 27 18 22 32 18 17 16 24 18 18 18 12 14 18 21 16 18 25 17 17 16 25 24 15 22 19 16
F8 "061_Group61" 33 25 29 26 34 25 26 22 19 22 24 31 19 26 28 23 21 21 21 19 19 20 24 20 19 26 21 19 23 24
G8 "062_Group62" 25 32 35 28 31 38 35 31 31 39 37 31 19 21 15 28 20 26 27 27 32 18 21 15 22 19 22 28 25 21
H8 "063_Group63" 11 32 18 30 31 29 28 23 21 21 15 12 20 22 15 23 22 28 31 37 30 27 40 30 23 29 23 20 24 21
A9 "064_Group64" 28 35 30 24 2 11 4 9 16 13 8 20 22 20 38 28 26 32 25 30 25 20 30 21 23 23 15 17 20 15
B9 "065_Group65" 20 40 26 22 13 19 6 2 4 5 0 1 7 7 16 4 7 12 12 15 14 18 25 20 21 34 26 24 32 20
C9 "066_Group66" 27 30 26 25 17 14 6 25 12 18 15 6 5 8 8 17 13 15 29 22 30 17 22 23 27 19 12 32 21 17
D9 "067_Group67" 18 5 8 23 18 16 30 17 10 18 27 16 23 12 19 18 25 18 13 14 14 15 20 19 28 32 26 22 16 14
E9 "068_Group68" 27 26 34 30 9 9 13 14 22 15 7 14 14 15 23 26 27 15 14 20 19 34 23 24 28 26 34 23 25 17
F9 "069_Group69" 38 32 21 10 6 17 17 11 12 16 14 16 18 19 20 21 19 18 28 14 22 23 20 16 31 29 30 21 23 21
G9 "070_Group70" 23 13 11 13 6 15 15 12 14 12 23 29 20 22 19 17 18 17 15 23 21 25 16 19 24 28 27 17 15 21
H9 "071_Group71" 22 12 25 24 27 17 19 33 19 12 20 17 18 10 21 25 21 26 28 14 33 29 17 15 19 25 23 23 23 22
A10 "072_Group72" 38 33 37 30 15 25 22 13 12 19 5 14 9 12 14 29 55 40 33 37 29 48 43 41 35 41 45 19 31 27
B10 "073_Group73" 35 30 36 25 24 10 24 19 6 3 7 11 21 24 32 25 35 22 18 27 23 30 16 36 19 27 29 34 31 19
C10 "074_Group74" 32 28 35 37 15 13 30 24 25 16 10 9 17 25 8 9 9 10 11 25 34 29 24 22 30 23 20 23 21 28
D10 "075_Group75" 25 39 47 28 20 10 5 22 2 15 20 19 20 24 25 10 18 19 29 34 36 38 38 36 35 39 29 24 28 22
E10 "076_Group76" 45 27 33 23 13 12 12 19 16 4 14 10 21 33 33 45 31 30 35 27 30 24 32 25 28 13 23 22 19 18
F10 "077_Group77" 33 30 24 24 12 28 25 8 7 18 27 32 27 19 24 22 14 32 24 27 25 33 42 29 37 30 26 21 25 31
G10 "078_Group78" 36 28 14 16 20 12 25 31 15 12 10 24 17 12 12 14 24 38 43 43 32 23 34 32 36 33 31 35 33 27
H10 "079_Group79" 19 36 28 25 23 11 3 5 2 13 12 7 6 13 14 16 16 14 19 20 33 30 31 40 29 41 21 40 47 17
A11 "080_Group80" 31 10 18 17 23 24 27 18 21 7 13 18 32 28 31 19 23 29 34 28 26 20 24 16 28 30 20 28 34 17
B11 "081_Group81" 29 20 30 27 37 23 17 26 17 17 17 16 21 21 37 13 16 11 14 19 12 18 29 23 18 21 27 20 24 28
C11 "082_Group82" 27 24 22 24 16 16 24 29 24 23 13 11 16 32 26 19 27 15 16 19 15 19 22 28 23 27 34 30 23 13
D11 "083_Group83" 24 23 24 22 16 11 15 12 15 15 15 16 21 16 7 37 20 12 22 17 22 18 18 18 24 17 15 18 20 18
E11 "084_Group84" 29 30 33 17 22 20 14 14 5 19 17 13 16 20 21 15 17 18 12 14 13 22 18 17 23 21 31 22 12 27
F11 "085_Group85" 33 26 27 22 19 21 21 18 26 25 15 29 26 15 18 19 14 17 14 15 26 19 17 15 15 27 21 18 17 18
G11 "086_Group86" 30 21 11 14 15 27 9 20 23 17 32 32 16 19 9 1 27 31 21 13 15 27 25 19 19 25 31 20 28 19
H11 "087_Group87" 15 18 19 17 18 12 15 13 8 14 24 17 8 20 20 33 23 14 26 27 20 27 27 15 19 14 19 18 18 16
A12 "088_Group88" 19 23 17 15 21 26 25 19 15 22 15 19 20 23 21 28 24 19 16 23 13 20 22 16 22 22 30 24 20 18
B12 "089_Group89" 14 25 28 31 18 22 15 23 20 24 21 24 17 23 16 22 19 20 21 26 24 21 18 22 24 34 24 17 27 23
C12 "090_Group90" 22 20 23 19 26 13 15 18 12 8 13 13 17 25 20 19 26 25 27 37 20 16 20 26 17 20 29 26 30 25
D12 "091_Group91" 29 25 25 30 40 26 17 25 23 25 29 20 15 32 20 29 31 33 24 41 29 31 30 28 21 25 20 24 30 30
E12 "092_Group92" 32 26 30 27 25 26 26 31 18 23 5 4 6 16 25 36 40 44 28 26 28 35 35 30 28 30 28 23 22 17
F12 "093_Group93" 28 31 29 23 8 18 19 33 24 21 17 30 38 29 10 21 18 25 34 38 29 37 29 20 31 26 14 24 23 29
G12 "094_Group94" 35 28 23 35 37 30 26 24 25 18 27 29 20 19 25 36 21 19 23 23 31 31 29 20 22 16 27 24 18 14
H12 "095_Group95" 29 37 20 20 13 27 40 21 28 13 23 33 20 19 21 25 25 28 14 11 17 21 40 31 28 30 33 16 16 22

"<<<<<< Channel Activity >>>>>>"
Channel Well Group/Time[m] 2 4 6 8 10 12 14 16 18 20 22 24 26 28 30 32 34 36 38 40 42 44 46 48 50 52 54 56 58 60
CH0 A1.0 "000_Group0" 12 17 18 8 14 14 12 13 15 21 16 19 13 25 20 18 17 22 25 23 21 26 23 22 32 25 24 23 22 31
CH2 B1.0 "001_Group1" 12 7 13 0 8 18 6 20 15 10 22 17 10 11 20 24 22 26 18 20 25 18 15 24 27 21 24 23 23 27
CH4 C1.0 "002_Group2" 23 14 20 19 22 16 21 15 10 9 11 15 12 12 12 18 23 17 14 11 25 21 22 17 20 19 23 18 18 14
CH6 D1.0 "003_Group3" 14 7 10 21 23 31 20 19 20 22 15 13 15 15 18 14 21 22 16 23 32 24 23 24 14 21 20 15 26 23
CH8 E1.0 "004_Group4" 30 30 35 31 26 31 23 26 13 27 18 17 22 29 27 30 23 29 29 41 27 25 22 34 28 29 22 19 17 22
CH10 F1.0 "005_Group5" 12 16 29 19 13 16 12 24 12 22 22 21 9 23 27 11 21 26 18 18 19 31 30 21 19 21 16 17 37 24
CH12 G1.0 "006_Group6" 24 26 19 21 28 21 19 32 22 32 22 21 18 14 11 25 35 33 19 26 17 16 24 16 17 23 16 25 16 22
CH14 H1.0 "007_Group7" 34 18 24 23 18 26 27 30 30 14 14 12 13 21 19 17 21 31 25 23 19 18 26 22 19 24 23 32 29 21
CH32 A2.0 "008_Group8" 21 26 24 28 31 21 24 28 33 32 35 33 29 24 24 22 21 33 21 24 17 19 12 24 16 17 23 16 22 19
CH34 B2.0 "009_Group9" 32 29 27 23 31 26 34 22 11 15 19 16 20 23 36 27 16 28 19 16 19 25 12 22 15 10 24 24 18 14
CH36 C2.0 "010_Group10" 22 24 41 25 20 14 15 12 16 20 32 9 12 17 31 20 23 25 16 18 22 15 20 22 16 25 27 21 19 21
CH38 D2.0 "011_Group11" 27 29 26 32 34 40 30 35 15 17 16 25 17 41 36 41 30 21 22 23 29 41 25 31 35 35 32 36 24 19
CH40 E2.0 "012_Group12" 28 33 25 26 26 28 26 20 17 22 25 20 17 22 26 23 17 22 23 22 20 22 21 16 15 22 16 14 22 21
CH42 F2.0 "013_Group13" 30 40 32 31 27 30 28 20 21 25 25 16 22 25 20 14 22 12 25 26 22 27 30 32 20 23 21 30 26 12
CH44 G2.0 "014_Group14" 21 32 26 34 36 28 28 27 32 34 29 24 22 19 26 25 17 23 22 21 33 16 19 21 23 15 14 19 23 30
CH46 H2.0 "015_Group15" 13 27 29 20 16 16 29 21 20 26 30 33 24 25 26 29 20 15 23 25 27 15 20 23 19 20 23 31 26 27
CH64 A3.0 "016_Group16" 36 22 21 19 11 11 12 26 18 12 20 11 13 6 11 23 16 15 14 22 30 20 26 17 15 19 20 18 29 21
CH66 B3.0 "017_Group17" 36 51 42 22 39 20 20 12 17 2 9 14 16 25 20 24 35 18 28 16 35 33 33 41 41 31 38 41 39 42
CH68 C3.0 "018_Group18" 46 32 33 16 16 8 16 27 1 0 2 1 0 2 18 22 25 28 40 41 38 36 37 33 34 17 19 36 31 38
CH70 D3.0 "019_Group19" 29 42 37 21 31 26 23 41 24 13 12 12 11 14 15 17 8 12 20 24 20 20 20 32 24 17 30 28 25 27
CH72 E3.0 "020_Group20" 42 28 35 28 14 19 6 3 10 7 1 7 8 12 11 18 22 26 18 30 39 28 34 32 19 24 16 22 22 12
CH74 F3.0 "021_Group21" 31 24 11 27 1 3 5 14 12 13 17 23 30 32 32 29 30 36 37 25 34 32 28 25 18 37 26 40 27 39
CH76 G3.0 "022_Group22" 37 32 10 29 24 33 36 18 14 3 0 8 11 9 11 16 8 12 9 12 28 19 29 28 32 27 18 23 30 36
CH78 H3.0 "023_Group23" 15 17 23 27 42 45 35 38 42 35 14 18 17 20 20 22 27 29 38 31 34 34 24 23 23 32 36 44 27 30
CH96 A4.0 "024_Group24" 36 32 29 29 9 11 23 31 29 22 15 24 22 19 14 18 21 19 23 33 23 19 22 34 18 19 18 15 16 15
CH98 B4.0 "025_Group25" 30 29 37 18 27 16 19 19 13 10 20 19 22 14 15 10 17 22 21 27 23 30 21 13 21 20 18 21 26 11
CH100 C4.0 "026_Group26" 31 23 29 26 30 36 41 23 15 12 17 14 23 31 39 34 26 24 21 23 21 28 26 24 29 24 22 21 19 23
CH102 D4.0 "027_Group27" 21 27 29 33 36 25 29 21 27 27 25 13 22 31 35 31 27 23 33 26 27 22 23 35 33 38 31 20 21 13
CH104 E4.0 "028_Group28" 17 31 30 38 26 29 34 21 27 12 15 15 16 21 22 15 20 25 29 20 21 18 7 19 16 20 19 20 12 20
CH106 F4.0 "029_Group29" 38 34 28 28 24 20 33 30 31 20 17 11 19 15 24 28 14 14 13 15 26 14 17 23 21 18 17 15 16 14
CH108 G4.0 "030_Group30" 34 31 31 24 21 30 26 36 26 28 22 29 17 16 12 18 17 27 23 33 20 26 19 22 20 20 30 28 31 27
CH110 H4.0 "031_Group31" 9 25 36 23 35 20 7 10 24 22 19 22 23 20 16 32 30 31 21 30 22 18 17 26 21 18 18 19 22 17
CH128 A5.0 "032_Group32" 35 13 37 28 39 37 30 31 29 21 22 21 9 30 39 42 47 26 28 25 20 27 27 26 27 22 39 27 26 31
CH130 B5.0 "033_Group33" 28 31 32 33 26 35 21 15 1 12 13 5 18 11 13 14 17 15 27 18 33 27 26 19 24 29 37 36 38 24
CH132 C5.0 "034_Group34" 49 32 22 31 17 2 2 6 2 3 5 1 2 13 16 21 1 22 31 21 15 12 23 42 30 26 29 33 21 31
CH134 D5.0 "035_Group35" 16 36 32 22 33 17 8 5 10 12 12 24 26 25 15 25 24 31 21 28 24 30 29 28 25 26 36 29 29 18
CH136 E5.0 "036_Group36" 36 32 30 10 19 9 8 8 7 22 25 13 15 19 32 26 33 25 27 37 30 26 20 25 20 24 30 30 32 26
CH138 F5.0 "037_Group37" 22 35 35 32 11 4 11 9 16 10 6 13 14 18 21 25 23 18 25 6 25 21 24 18 16 20 13 18 25 30
CH140 G5.0 "038_Group38" 37 33 15 10 39 32 45 17 19 28 24 2 6 13 31 27 38 42 38 35 31 44 36 36 34 34 43 31 31 26
CH142 H5.0 "039_Group39" 28 7 4 28 24 45 41 34 27 34 21 24 17 15 16 27 16 20 25 26 29 43 32 30 27 26 24 30 22 28
CH160 A6.0 "040_Group40" 42 30 35 27 11 14 3 5 6 1 3 1 0 5 1 6 16 13 19 18 26 25 12 22 12 27 25 28 21 22
CH162 B6.0 "041_Group41" 41 16 10 20 14 2 11 17 13 3 5 0 0 10 17 15 8 14 16 19 32 36 28 26 31 24 28 27 29 23
CH164 C6.0 "042_Group42" 17 20 4 13 16 16 15 16 8 16 17 19 29 14 21 25 14 19 23 23 30 22 18 22 29 28 17 20 19 19
CH166 D6.0 "043_Group43" 28 13 25 14 5 19 17 16 21 19 16 20 20 13 13 16 19 19 17 17 25 25 17 19 15 20 23 20 21 24
CH168 E6.0 "044_Group44" 26 19 4 17 22 22 5 8 9 11 14 18 13 14 10 14 20 19 8 9 29 14 16 40 34 38 28 21 23 18
CH170 F6.0 "045_Group45" 39 22 20 23 11 2 6 16 23 19 12 21 6 13 16 21 17 17 30 27 20 23 24 30 29 23 17 27 29 21
CH172 G6.0 "046_Group46" 29 42 38 4 8 12 18 18 32 20 23 16 21 22 10 12 22 21 21 22 20 21 15 20 26 33 25 21 34 21
CH174 H6.0 "047_Group47" 18 20 34 31 32 24 31 29 26 22 29 29 26 23 27 21 32 22 28 29 32 37 23 17 26 18 30 28 31 20
CH192 A7.0 "048_Group48" 18 21 18 14 18 28 13 8 6 13 5 2 7 0 0 0 2 15 21 27 33 21 22 34 30 28 30 28 21 27
CH194 B7.0 "049_Group49" 42 45 42 28 10 9 20 12 8 10 12 12 19 24 30 29 34 29 22 23 25 19 22 14 17 37 30 26 25 20
CH196 C7.0 "050_Group50" 33 34 38 32 21 16 14 16 15 23 22 20 15 20 25 18 16 11 15 16 33 21 18 22 26 30 24 16 16 21
CH198 D7.0 "051_Group51" 9 15 20 25 28 27 19 22 23 19 10 17 23 14 21 31 20 19 21 19 28 23 22 15 25 20 23 31 34 25
CH200 E7.0 "052_Group52" 17 0 0 7 15 13 4 10 2 5 2 5 0 3 11 4 8 12 19 19 18 20 15 14 29 33 20 27 17 19
CH202 F7.0 "053_Group53" 20 24 27 23 22 16 15 20 21 22 25 25 23 14 22 19 23 21 18 14 21 26 20 22 20 29 26 28 29 20
CH204 G7.0 "054_Group54" 29 27 23 17 19 24 21 25 27 17 10 16 18 14 16 16 20 21 20 40 30 20 17 28 32 25 25 21 26 31
CH206 H7.0 "055_Group55" 17 27 26 14 21 5 25 27 16 10 17 12 21 30 21 13 19 19 16 30 29 23 30 29 23 29 30 21 24 27
CH224 A8.0 "056_Group56" 29 33 27 30 35 25 14 22 27 33 29 33 21 28 32 40 44 37 35 39 34 34 33 30 25 18 24 27 20 19
CH226 B8.0 "057_Group57" 21 28 19 25 22 21 22 26 23 17 14 13 19 21 22 13 9 9 21 20 20 17 23 19 23 25 24 21 16 24
CH228 C8.0 "058_Group58" 32 22 44 33 23 27 17 16 29 22 32 24 35 25 12 20 15 22 11 26 28 24 33 27 17 35 24 15 31 21
CH230 D8.0 "059_Group59" 17 32 30 31 23 27 26 26 23 21 28 25 22 19 30 22 24 27 24 21 27 13 24 22 21 18 22 27 16 24
CH232 E8.0 "060_Group60" 21 25 31 27 18 22 32 18 17 16 24 18 18 18 12 14 18 21 16 18 25 17 17 16 25 24 15 22 19 16
CH234 F8.0 "061_Group61" 33 25 29 26 34 25 26 22 19 22 24 31 19 26 28 23 21 21 21 19 19 20 24 20 19 26 21 19 23 24
CH236 G8.0 "062_Group62" 25 32 35 28 31 38 35 31 31 39 37 31 19 21 15 28 20 26 27 27 32 18 21 15 22 19 22 28 25 21
CH238 H8.0 "063_Group63" 11 32 18 30 31 29 28 23 21 21 15 12 20 22 15 23 22 28 31 37 30 27 40 30 23 29 23 20 24 21
CH256 A9.0 "064_Group64" 28 35 30 24 2 11 4 9 16 13 8 20 22 20 38 28 26 32 25 30 25 20 30 21 23 23 15 17 20 15
CH258 B9.0 "065_Group65" 20 40 26 22 13 19 6 2 4 5 0 1 7 7 16 4 7 12 12 15 14 18 25 20 21 34 26 24 32 20
CH260 C9.0 "066_Group66" 27 30 26 25 17 14 6 25 12 18 15 6 5 8 8 17 13 15 29 22 30 17 22 23 27 19 12 32 21 17
CH262 D9.0 "067_Group67" 18 5 8 23 18 16 30 17 10 18 27 16 23 12 19 18 25 18 13 14 14 15 20 19 28 32 26 22 16 14
CH264 E9.0 "068_Group68" 27 26 34 30 9 9 13 14 22 15 7 14 14 15 23 26 27 15 14 20 19 34 23 24 28 26 34 23 25 17
CH266 F9.0 "069_Group69" 38 32 21 10 6 17 17 11 12 16 14 16 18 19 20 21 19 18 28 14 22 23 20 16 31 29 30 21 23 21
CH268 G9.0 "070_Group70" 23 13 11 13 6 15 15 12 14 12 23 29 20 22 19 17 18 17 15 23 21 25 16 19 24 28 27 17 15 21
CH270 H9.0 "071_Group71" 22 12 25 24 27 17 19 33 19 12 20 17 18 10 21 25 21 26 28 14 33 29 17 15 19 25 23 23 23 22
CH288 A10.0 "072_Group72" 38 33 37 30 15 25 22 13 12 19 5 14 9 12 14 29 55 40 33 37 29 48 43 41 35 41 45 19 31 27
CH290 B10.0 "073_Group73" 35 30 36 25 24 10 24 19 6 3 7 11 21 24 32 25 35 22 18 27 23 30 16 36 19 27 29 34 31 19
CH292 C10.0 "074_Group74" 32 28 35 37 15 13 30 24 25 16 10 9 17 25 8 9 9 10 11 25 34 29 24 22 30 23 20 23 21 28
CH294 D10.0 "075_Group75" 25 39 47 28 20 10 5 22 2 15 20 19 20 24 25 10 18 19 29 34 36 38 38 36 35 39 29 24 28 22
CH296 E10.0 "076_Group76" 45 27 33 23 13 12 12 19 16 4 14 10 21 33 33 45 31 30 35 27 30 24 32 25 28 13 23 22 19 18
CH298 F10.0 "077_Group77" 33 30 24 24 12 28 25 8 7 18 27 32 27 19 24 22 14 32 24 27 25 33 42 29 37 30 26 21 25 31
CH300 G10.0 "078_Group78" 36 28 14 16 20 12 25 31 15 12 10 24 17 12 12 14 24 38 43 43 32 23 34 32 36 33 31 35 33 27
CH302 H10.0 "079_Group79" 19 36 28 25 23 11 3 5 2 13 12 7 6 13 14 16 16 14 19 20 33 30 31 40 29 41 21 40 47 17
CH320 A11.0 "080_Group80" 31 10 18 17 23 24 27 18 21 7 13 18 32 28 31 19 23 29 34 28 26 20 24 16 28 30 20 28 34 17
CH322 B11.0 "081_Group81" 29 20 30 27 37 23 17 26 17 17 17 16 21 21 37 13 16 11 14 19 12 18 29 23 18 21 27 20 24 28
CH324 C11.0 "082_Group82" 27 24 22 24 16 16 24 29 24 23 13 11 16 32 26 19 27 15 16 19 15 19 22 28 23 27 34 30 23 13
CH326 D11.0 "083_Group83" 24 23 24 22 16 11 15 12 15 15 15 16 21 16 7 37 20 12 22 17 22 18 18 18 24 17 15 18 20 18
CH328 E11.0 "084_Group84" 29 30 33 17 22 20 14 14 5 19 17 13 16 20 21 15 17 18 12 14 13 22 18 17 23 21 31 22 12 27
CH330 F11.0 "085_Group85" 33 26 27 22 19 21 21 18 26 25 15 29 26 15 18 19 14 17 14 15 26 19 17 15 15 27 21 18 17 18
CH332 G11.0 "086_Group86" 30 21 11 14 15 27 9 20 23 17 32 32 16 19 9 1 27 31 21 13 15 27 25 19 19 25 31 20 28 19
CH334 H11.0 "087_Group87" 15 18 19 17 18 12 15 13 8 14 24 17 8 20 20 33 23 14 26 27 20 27 27 15 19 14 19 18 18 16
CH352 A12.0 "088_Group88" 19 23 17 15 21 26 25 19 15 22 15 19 20 23 21 28 24 19 16 23 13 20 22 16 22 22 30 24 20 18
CH354 B12.0 "089_Group89" 14 25 28 31 18 22 15 23 20 24 21 24 17 23 16 22 19 20 21 26 24 21 18 22 24 34 24 17 27 23
CH356 C12.0 "090_Group90" 22 20 23 19 26 13 15 18 12 8 13 13 17 25 20 19 26 25 27 37 20 16 20 26 17 20 29 26 30 25
CH358 D12.0 "091_Group91" 29 25 25 30 40 26 17 25 23 25 29 20 15 32 20 29 31 33 24 41 29 31 30 28 21 25 20 24 30 30
CH360 E12.0 "092_Group92" 32 26 30 27 25 26 26 31 18 23 5 4 6 16 25 36 40 44 28 26 28 35 35 30 28 30 28 23 22 17
CH362 F12.0 "093_Group93" 28 31 29 23 8 18 19 33 24 21 17 30 38 29 10 21 18 25 34 38 29 37 29 20 31 26 14 24 23 29
CH364 G12.0 "094_Group94" 35 28 23 35 37 30 26 24 25 18 27 29 20 19 25 36 21 19 23 23 31 31 29 20 22 16 27 24 18 14
CH366 H12.0 "095_Group95" 29 37 20 20 13 27 40 21 28 13 23 33 20 19 21 25 25 28 14 11 17 21 40 31 28 30 33 16 16 22
